0 0 28
0 1 21
0 2 17
0 3 35
0 4 23
0 5 15
0 6 11
0 7 17
0 8 14
0 9 1
0 10 52
0 11 7
0 12 5
0 13 14
0 14 18
0 15 26
0 16 20
0 17 21
0 18 2
0 19 11
0 20 21
0 21 8
0 22 27
0 23 44
0 24 37
0 25 50
0 26 22
0 27 43
0 28 47
0 29 10
0 30 54
0 31 7
0 32 32
0 33 3
0 34 29
0 35 42
0 36 18
0 37 41
0 38 46
0 39 32
0 40 29
0 41 43
0 42 26
0 43 34
0 44 44
0 45 32
0 46 48
0 47 9
0 48 40
0 49 50
0 50 8
0 51 6
0 52 46
0 53 35
0 54 51
0 55 28
0 56 17
0 57 5
0 58 16
0 59 51
0 60 15
0 61 15
0 62 4
0 63 47
0 64 6
0 65 20
0 66 21
0 67 24
0 68 48
0 69 12
0 70 44
0 71 10
0 72 42
0 73 15
0 74 44
0 75 32
0 76 34
0 77 24
0 78 28
0 79 20
0 80 7
0 81 23
0 82 26
0 83 53
0 84 3
0 85 9
0 86 13
0 87 21
0 88 14
0 89 29
0 90 17
0 91 30
0 92 31
0 93 8
0 94 9
0 95 37
0 96 16
0 97 31
0 98 49
0 99 9
1 0 30
1 1 25
1 2 19
1 3 18
1 4 27
1 5 51
1 6 37
1 7 7
1 8 7
1 9 52
1 10 27
1 11 1
1 12 21
1 13 40
1 14 41
1 15 11
1 16 50
1 17 54
1 18 19
1 19 9
1 20 15
1 21 24
1 22 26
1 23 47
1 24 32
1 25 36
1 26 16
1 27 35
1 28 54
1 29 52
1 30 32
1 31 16
1 32 22
1 33 38
1 34 21
1 35 50
1 36 21
1 37 3
1 38 44
1 39 29
1 40 43
1 41 16
1 42 17
1 43 9
1 44 43
1 45 4
1 46 20
1 47 38
1 48 3
1 49 40
1 50 35
1 51 19
1 52 51
1 53 48
1 54 53
1 55 15
1 56 16
1 57 1
1 58 51
1 59 15
1 60 54
1 61 28
1 62 19
1 63 8
1 64 11
1 65 40
1 66 3
1 67 20
1 68 44
1 69 34
1 70 49
1 71 19
1 72 37
1 73 11
1 74 28
1 75 26
1 76 2
1 77 35
1 78 9
1 79 6
1 80 7
1 81 31
1 82 12
1 83 3
1 84 25
1 85 52
1 86 19
1 87 41
1 88 53
1 89 15
1 90 44
1 91 52
1 92 30
1 93 8
1 94 48
1 95 28
1 96 48
1 97 51
1 98 48
1 99 24
2 0 31
2 1 29
2 2 43
2 3 13
2 4 28
2 5 3
2 6 26
2 7 30
2 8 39
2 9 23
2 10 23
2 11 33
2 12 54
2 13 22
2 14 37
2 15 11
2 16 19
2 17 43
2 18 40
2 19 18
2 20 45
2 21 29
2 22 2
2 23 20
2 24 24
2 25 50
2 26 35
2 27 4
2 28 34
2 29 16
2 30 29
2 31 52
2 32 32
2 33 4
2 34 52
2 35 47
2 36 50
2 37 24
2 38 23
2 39 21
2 40 47
2 41 33
2 42 54
2 43 33
2 44 1
2 45 23
2 46 45
2 47 7
2 48 11
2 49 30
2 50 25
2 51 1
2 52 46
2 53 15
2 54 8
2 55 15
2 56 10
2 57 31
2 58 19
2 59 31
2 60 47
2 61 35
2 62 28
2 63 11
2 64 27
2 65 13
2 66 4
2 67 22
2 68 37
2 69 14
2 70 30
2 71 16
2 72 47
2 73 29
2 74 49
2 75 35
2 76 53
2 77 26
2 78 43
2 79 51
2 80 1
2 81 0
2 82 53
2 83 34
2 84 15
2 85 48
2 86 49
2 87 26
2 88 24
2 89 1
2 90 44
2 91 3
2 92 23
2 93 18
2 94 15
2 95 50
2 96 31
2 97 6
2 98 4
2 99 0
3 0 20
3 1 34
3 2 16
3 3 12
3 4 51
3 5 52
3 6 35
3 7 36
3 8 24
3 9 23
3 10 32
3 11 12
3 12 23
3 13 17
3 14 34
3 15 39
3 16 11
3 17 15
3 18 52
3 19 22
3 20 16
3 21 41
3 22 13
3 23 27
3 24 46
3 25 15
3 26 9
3 27 9
3 28 21
3 29 14
3 30 9
3 31 41
3 32 35
3 33 12
3 34 40
3 35 18
3 36 52
3 37 20
3 38 54
3 39 8
3 40 30
3 41 19
3 42 7
3 43 54
3 44 36
3 45 41
3 46 25
3 47 34
3 48 2
3 49 22
3 50 2
3 51 5
3 52 50
3 53 15
3 54 32
3 55 29
3 56 30
3 57 42
3 58 38
3 59 38
3 60 43
3 61 35
3 62 24
3 63 10
3 64 34
3 65 51
3 66 29
3 67 31
3 68 17
3 69 15
3 70 39
3 71 34
3 72 34
3 73 34
3 74 33
3 75 16
3 76 20
3 77 45
3 78 50
3 79 22
3 80 54
3 81 39
3 82 28
3 83 50
3 84 41
3 85 47
3 86 24
3 87 3
3 88 21
3 89 49
3 90 41
3 91 9
3 92 29
3 93 52
3 94 7
3 95 51
3 96 49
3 97 36
3 98 27
3 99 53
4 0 38
4 1 54
4 2 32
4 3 18
4 4 33
4 5 53
4 6 21
4 7 53
4 8 43
4 9 3
4 10 8
4 11 43
4 12 43
4 13 23
4 14 25
4 15 29
4 16 2
4 17 36
4 18 33
4 19 24
4 20 30
4 21 6
4 22 33
4 23 47
4 24 4
4 25 40
4 26 43
4 27 53
4 28 8
4 29 2
4 30 38
4 31 47
4 32 1
4 33 15
4 34 52
4 35 21
4 36 0
4 37 18
4 38 7
4 39 44
4 40 21
4 41 15
4 42 19
4 43 51
4 44 25
4 45 44
4 46 13
4 47 27
4 48 25
4 49 33
4 50 51
4 51 42
4 52 39
4 53 17
4 54 34
4 55 43
4 56 44
4 57 22
4 58 28
4 59 53
4 60 25
4 61 11
4 62 32
4 63 13
4 64 14
4 65 16
4 66 35
4 67 14
4 68 34
4 69 42
4 70 45
4 71 42
4 72 44
4 73 9
4 74 39
4 75 14
4 76 40
4 77 39
4 78 28
4 79 10
4 80 17
4 81 25
4 82 53
4 83 1
4 84 29
4 85 19
4 86 32
4 87 18
4 88 42
4 89 5
4 90 3
4 91 54
4 92 4
4 93 35
4 94 12
4 95 5
4 96 51
4 97 34
4 98 6
4 99 17
5 0 21
5 1 52
5 2 5
5 3 52
5 4 48
5 5 31
5 6 11
5 7 34
5 8 15
5 9 40
5 10 31
5 11 32
5 12 52
5 13 29
5 14 20
5 15 26
5 16 49
5 17 52
5 18 44
5 19 23
5 20 45
5 21 48
5 22 22
5 23 36
5 24 15
5 25 21
5 26 41
5 27 54
5 28 1
5 29 47
5 30 3
5 31 9
5 32 31
5 33 50
5 34 7
5 35 25
5 36 26
5 37 5
5 38 46
5 39 28
5 40 32
5 41 22
5 42 47
5 43 16
5 44 39
5 45 0
5 46 42
5 47 20
5 48 52
5 49 19
5 50 30
5 51 29
5 52 54
5 53 39
5 54 10
5 55 1
5 56 5
5 57 38
5 58 42
5 59 48
5 60 18
5 61 46
5 62 45
5 63 49
5 64 41
5 65 52
5 66 6
5 67 0
5 68 44
5 69 52
5 70 15
5 71 9
5 72 7
5 73 8
5 74 25
5 75 33
5 76 8
5 77 13
5 78 53
5 79 47
5 80 19
5 81 28
5 82 22
5 83 18
5 84 12
5 85 19
5 86 6
5 87 4
5 88 45
5 89 49
5 90 53
5 91 8
5 92 40
5 93 43
5 94 44
5 95 13
5 96 27
5 97 51
5 98 13
5 99 3
6 0 35
6 1 29
6 2 12
6 3 29
6 4 24
6 5 38
6 6 7
6 7 19
6 8 38
6 9 47
6 10 11
6 11 2
6 12 7
6 13 20
6 14 7
6 15 6
6 16 27
6 17 0
6 18 11
6 19 17
6 20 49
6 21 51
6 22 12
6 23 21
6 24 26
6 25 1
6 26 22
6 27 40
6 28 39
6 29 35
6 30 43
6 31 20
6 32 51
6 33 1
6 34 36
6 35 7
6 36 26
6 37 44
6 38 26
6 39 9
6 40 23
6 41 25
6 42 53
6 43 31
6 44 45
6 45 47
6 46 37
6 47 4
6 48 47
6 49 35
6 50 21
6 51 29
6 52 31
6 53 33
6 54 37
6 55 44
6 56 22
6 57 4
6 58 29
6 59 6
6 60 27
6 61 5
6 62 26
6 63 10
6 64 48
6 65 50
6 66 18
6 67 19
6 68 39
6 69 31
6 70 15
6 71 49
6 72 1
6 73 0
6 74 25
6 75 34
6 76 34
6 77 8
6 78 38
6 79 13
6 80 30
6 81 47
6 82 42
6 83 7
6 84 12
6 85 25
6 86 38
6 87 34
6 88 16
6 89 13
6 90 41
6 91 43
6 92 18
6 93 54
6 94 54
6 95 53
6 96 49
6 97 17
6 98 17
6 99 20
7 0 48
7 1 19
7 2 15
7 3 37
7 4 19
7 5 27
7 6 16
7 7 40
7 8 22
7 9 41
7 10 53
7 11 53
7 12 33
7 13 28
7 14 5
7 15 46
7 16 40
7 17 43
7 18 12
7 19 1
7 20 43
7 21 40
7 22 45
7 23 48
7 24 40
7 25 44
7 26 46
7 27 21
7 28 48
7 29 50
7 30 29
7 31 28
7 32 14
7 33 31
7 34 10
7 35 20
7 36 3
7 37 13
7 38 5
7 39 26
7 40 0
7 41 4
7 42 24
7 43 20
7 44 32
7 45 16
7 46 53
7 47 17
7 48 46
7 49 11
7 50 5
7 51 35
7 52 51
7 53 50
7 54 15
7 55 23
7 56 26
7 57 7
7 58 32
7 59 6
7 60 44
7 61 6
7 62 35
7 63 4
7 64 37
7 65 32
7 66 24
7 67 40
7 68 33
7 69 17
7 70 53
7 71 20
7 72 8
7 73 22
7 74 40
7 75 40
7 76 38
7 77 39
7 78 44
7 79 17
7 80 37
7 81 49
7 82 52
7 83 20
7 84 32
7 85 54
7 86 44
7 87 3
7 88 48
7 89 21
7 90 10
7 91 38
7 92 14
7 93 32
7 94 42
7 95 38
7 96 51
7 97 53
7 98 23
7 99 29
8 0 2
8 1 22
8 2 49
8 3 10
8 4 31
8 5 22
8 6 50
8 7 2
8 8 6
8 9 26
8 10 19
8 11 43
8 12 21
8 13 3
8 14 8
8 15 53
8 16 2
8 17 39
8 18 43
8 19 51
8 20 47
8 21 40
8 22 34
8 23 48
8 24 4
8 25 8
8 26 31
8 27 1
8 28 48
8 29 0
8 30 17
8 31 51
8 32 9
8 33 54
8 34 6
8 35 40
8 36 21
8 37 44
8 38 29
8 39 14
8 40 15
8 41 48
8 42 44
8 43 23
8 44 51
8 45 39
8 46 8
8 47 54
8 48 11
8 49 52
8 50 37
8 51 3
8 52 37
8 53 16
8 54 52
8 55 42
8 56 11
8 57 15
8 58 30
8 59 4
8 60 15
8 61 34
8 62 0
8 63 11
8 64 33
8 65 7
8 66 39
8 67 41
8 68 51
8 69 13
8 70 0
8 71 53
8 72 7
8 73 31
8 74 22
8 75 45
8 76 16
8 77 30
8 78 44
8 79 27
8 80 27
8 81 26
8 82 17
8 83 52
8 84 29
8 85 1
8 86 26
8 87 40
8 88 17
8 89 43
8 90 45
8 91 19
8 92 22
8 93 32
8 94 18
8 95 1
8 96 39
8 97 2
8 98 29
8 99 22
9 0 2
9 1 17
9 2 21
9 3 51
9 4 48
9 5 30
9 6 42
9 7 51
9 8 5
9 9 31
9 10 10
9 11 20
9 12 45
9 13 28
9 14 4
9 15 6
9 16 16
9 17 30
9 18 47
9 19 20
9 20 18
9 21 24
9 22 40
9 23 40
9 24 1
9 25 45
9 26 28
9 27 28
9 28 47
9 29 3
9 30 37
9 31 36
9 32 20
9 33 45
9 34 33
9 35 0
9 36 20
9 37 20
9 38 52
9 39 13
9 40 38
9 41 7
9 42 33
9 43 15
9 44 22
9 45 37
9 46 22
9 47 26
9 48 54
9 49 1
9 50 46
9 51 4
9 52 25
9 53 18
9 54 44
9 55 13
9 56 8
9 57 5
9 58 28
9 59 42
9 60 50
9 61 11
9 62 24
9 63 2
9 64 1
9 65 2
9 66 2
9 67 9
9 68 22
9 69 41
9 70 22
9 71 47
9 72 36
9 73 0
9 74 8
9 75 3
9 76 24
9 77 30
9 78 16
9 79 10
9 80 31
9 81 8
9 82 14
9 83 43
9 84 13
9 85 3
9 86 43
9 87 22
9 88 50
9 89 17
9 90 9
9 91 45
9 92 15
9 93 20
9 94 47
9 95 3
9 96 22
9 97 37
9 98 12
9 99 31
10 0 23
10 1 34
10 2 24
10 3 4
10 4 21
10 5 19
10 6 50
10 7 32
10 8 49
10 9 11
10 10 42
10 11 12
10 12 6
10 13 1
10 14 42
10 15 20
10 16 47
10 17 17
10 18 29
10 19 42
10 20 34
10 21 38
10 22 20
10 23 36
10 24 46
10 25 54
10 26 40
10 27 13
10 28 36
10 29 52
10 30 32
10 31 47
10 32 19
10 33 43
10 34 51
10 35 40
10 36 7
10 37 46
10 38 5
10 39 1
10 40 45
10 41 47
10 42 0
10 43 51
10 44 49
10 45 42
10 46 16
10 47 28
10 48 46
10 49 32
10 50 15
10 51 26
10 52 3
10 53 22
10 54 49
10 55 49
10 56 22
10 57 34
10 58 49
10 59 45
10 60 19
10 61 26
10 62 37
10 63 38
10 64 14
10 65 21
10 66 10
10 67 21
10 68 54
10 69 15
10 70 9
10 71 44
10 72 50
10 73 9
10 74 41
10 75 31
10 76 38
10 77 44
10 78 4
10 79 30
10 80 22
10 81 6
10 82 43
10 83 25
10 84 29
10 85 24
10 86 6
10 87 38
10 88 4
10 89 0
10 90 28
10 91 10
10 92 27
10 93 53
10 94 48
10 95 28
10 96 19
10 97 45
10 98 50
10 99 18
11 0 48
11 1 46
11 2 50
11 3 43
11 4 43
11 5 36
11 6 6
11 7 13
11 8 12
11 9 10
11 10 30
11 11 21
11 12 16
11 13 5
11 14 33
11 15 45
11 16 30
11 17 39
11 18 15
11 19 34
11 20 27
11 21 44
11 22 44
11 23 54
11 24 29
11 25 24
11 26 14
11 27 48
11 28 1
11 29 51
11 30 53
11 31 49
11 32 43
11 33 48
11 34 24
11 35 31
11 36 16
11 37 30
11 38 31
11 39 16
11 40 27
11 41 7
11 42 37
11 43 44
11 44 12
11 45 3
11 46 21
11 47 42
11 48 29
11 49 37
11 50 8
11 51 1
11 52 13
11 53 52
11 54 42
11 55 42
11 56 8
11 57 2
11 58 22
11 59 10
11 60 53
11 61 7
11 62 46
11 63 28
11 64 1
11 65 3
11 66 46
11 67 4
11 68 20
11 69 23
11 70 20
11 71 48
11 72 30
11 73 45
11 74 24
11 75 29
11 76 48
11 77 45
11 78 17
11 79 9
11 80 14
11 81 25
11 82 11
11 83 27
11 84 10
11 85 40
11 86 1
11 87 18
11 88 29
11 89 10
11 90 28
11 91 28
11 92 18
11 93 7
11 94 43
11 95 6
11 96 10
11 97 35
11 98 10
11 99 30
12 0 3
12 1 31
12 2 23
12 3 20
12 4 21
12 5 47
12 6 49
12 7 1
12 8 25
12 9 53
12 10 10
12 11 39
12 12 24
12 13 8
12 14 54
12 15 21
12 16 49
12 17 42
12 18 39
12 19 10
12 20 53
12 21 0
12 22 38
12 23 3
12 24 7
12 25 14
12 26 9
12 27 4
12 28 49
12 29 6
12 30 34
12 31 39
12 32 37
12 33 45
12 34 46
12 35 45
12 36 24
12 37 40
12 38 46
12 39 36
12 40 26
12 41 44
12 42 8
12 43 37
12 44 52
12 45 7
12 46 3
12 47 33
12 48 49
12 49 42
12 50 44
12 51 34
12 52 29
12 53 14
12 54 24
12 55 23
12 56 28
12 57 33
12 58 27
12 59 9
12 60 40
12 61 49
12 62 48
12 63 9
12 64 39
12 65 39
12 66 0
12 67 50
12 68 12
12 69 33
12 70 19
12 71 25
12 72 22
12 73 27
12 74 7
12 75 7
12 76 34
12 77 10
12 78 40
12 79 15
12 80 39
12 81 16
12 82 37
12 83 14
12 84 18
12 85 6
12 86 37
12 87 46
12 88 27
12 89 10
12 90 43
12 91 54
12 92 46
12 93 23
12 94 8
12 95 17
12 96 50
12 97 50
12 98 12
12 99 7
13 0 29
13 1 31
13 2 19
13 3 51
13 4 3
13 5 26
13 6 3
13 7 24
13 8 36
13 9 31
13 10 27
13 11 7
13 12 47
13 13 9
13 14 21
13 15 10
13 16 15
13 17 46
13 18 44
13 19 29
13 20 43
13 21 32
13 22 28
13 23 34
13 24 42
13 25 37
13 26 51
13 27 37
13 28 19
13 29 50
13 30 31
13 31 48
13 32 14
13 33 50
13 34 45
13 35 17
13 36 21
13 37 35
13 38 29
13 39 44
13 40 11
13 41 1
13 42 52
13 43 46
13 44 10
13 45 5
13 46 43
13 47 12
13 48 51
13 49 19
13 50 42
13 51 26
13 52 38
13 53 2
13 54 5
13 55 26
13 56 39
13 57 43
13 58 8
13 59 46
13 60 39
13 61 40
13 62 39
13 63 53
13 64 35
13 65 16
13 66 2
13 67 44
13 68 52
13 69 18
13 70 33
13 71 50
13 72 19
13 73 17
13 74 28
13 75 16
13 76 23
13 77 17
13 78 29
13 79 6
13 80 36
13 81 3
13 82 33
13 83 20
13 84 5
13 85 25
13 86 46
13 87 32
13 88 1
13 89 54
13 90 23
13 91 40
13 92 26
13 93 7
13 94 25
13 95 7
13 96 11
13 97 14
13 98 51
13 99 8
14 0 33
14 1 16
14 2 45
14 3 52
14 4 21
14 5 19
14 6 14
14 7 44
14 8 36
14 9 30
14 10 37
14 11 4
14 12 33
14 13 2
14 14 24
14 15 25
14 16 15
14 17 2
14 18 2
14 19 16
14 20 44
14 21 25
14 22 43
14 23 15
14 24 20
14 25 13
14 26 22
14 27 31
14 28 27
14 29 5
14 30 26
14 31 5
14 32 9
14 33 16
14 34 3
14 35 30
14 36 22
14 37 4
14 38 6
14 39 45
14 40 34
14 41 43
14 42 50
14 43 54
14 44 33
14 45 6
14 46 24
14 47 48
14 48 51
14 49 14
14 50 51
14 51 40
14 52 39
14 53 39
14 54 0
14 55 46
14 56 52
14 57 10
14 58 9
14 59 11
14 60 2
14 61 22
14 62 4
14 63 11
14 64 26
14 65 49
14 66 41
14 67 48
14 68 53
14 69 47
14 70 39
14 71 19
14 72 23
14 73 21
14 74 18
14 75 43
14 76 27
14 77 29
14 78 23
14 79 23
14 80 43
14 81 19
14 82 50
14 83 15
14 84 3
14 85 51
14 86 48
14 87 42
14 88 48
14 89 3
14 90 40
14 91 50
14 92 25
14 93 44
14 94 7
14 95 51
14 96 38
14 97 35
14 98 32
14 99 23
15 0 28
15 1 16
15 2 42
15 3 38
15 4 37
15 5 47
15 6 26
15 7 51
15 8 22
15 9 49
15 10 7
15 11 10
15 12 13
15 13 2
15 14 12
15 15 3
15 16 40
15 17 6
15 18 32
15 19 33
15 20 9
15 21 4
15 22 16
15 23 21
15 24 49
15 25 23
15 26 5
15 27 19
15 28 3
15 29 37
15 30 43
15 31 18
15 32 40
15 33 30
15 34 1
15 35 9
15 36 10
15 37 27
15 38 5
15 39 32
15 40 8
15 41 54
15 42 29
15 43 8
15 44 44
15 45 29
15 46 11
15 47 29
15 48 35
15 49 30
15 50 50
15 51 31
15 52 35
15 53 11
15 54 52
15 55 16
15 56 34
15 57 44
15 58 22
15 59 24
15 60 26
15 61 10
15 62 30
15 63 53
15 64 28
15 65 31
15 66 7
15 67 38
15 68 46
15 69 0
15 70 2
15 71 41
15 72 54
15 73 18
15 74 50
15 75 43
15 76 47
15 77 6
15 78 5
15 79 27
15 80 24
15 81 0
15 82 45
15 83 46
15 84 53
15 85 30
15 86 49
15 87 19
15 88 19
15 89 16
15 90 43
15 91 33
15 92 27
15 93 18
15 94 31
15 95 42
15 96 37
15 97 39
15 98 12
15 99 15
16 0 39
16 1 14
16 2 1
16 3 25
16 4 19
16 5 51
16 6 14
16 7 12
16 8 45
16 9 6
16 10 26
16 11 1
16 12 48
16 13 17
16 14 47
16 15 46
16 16 47
16 17 41
16 18 10
16 19 53
16 20 44
16 21 40
16 22 31
16 23 3
16 24 4
16 25 8
16 26 45
16 27 28
16 28 47
16 29 2
16 30 30
16 31 31
16 32 3
16 33 31
16 34 1
16 35 10
16 36 15
16 37 2
16 38 9
16 39 47
16 40 50
16 41 35
16 42 48
16 43 43
16 44 39
16 45 40
16 46 34
16 47 18
16 48 13
16 49 44
16 50 17
16 51 44
16 52 30
16 53 48
16 54 48
16 55 21
16 56 1
16 57 38
16 58 36
16 59 35
16 60 28
16 61 11
16 62 53
16 63 18
16 64 29
16 65 42
16 66 15
16 67 44
16 68 44
16 69 24
16 70 36
16 71 27
16 72 47
16 73 16
16 74 15
16 75 31
16 76 43
16 77 37
16 78 37
16 79 1
16 80 13
16 81 54
16 82 46
16 83 30
16 84 34
16 85 26
16 86 51
16 87 23
16 88 51
16 89 19
16 90 3
16 91 24
16 92 17
16 93 2
16 94 30
16 95 47
16 96 44
16 97 45
16 98 23
16 99 20
17 0 2
17 1 47
17 2 34
17 3 49
17 4 8
17 5 50
17 6 12
17 7 52
17 8 19
17 9 49
17 10 40
17 11 32
17 12 35
17 13 18
17 14 8
17 15 15
17 16 44
17 17 46
17 18 25
17 19 41
17 20 53
17 21 15
17 22 52
17 23 15
17 24 17
17 25 14
17 26 7
17 27 48
17 28 5
17 29 31
17 30 1
17 31 7
17 32 10
17 33 22
17 34 43
17 35 18
17 36 4
17 37 0
17 38 2
17 39 23
17 40 50
17 41 43
17 42 1
17 43 30
17 44 48
17 45 51
17 46 32
17 47 38
17 48 42
17 49 2
17 50 11
17 51 40
17 52 18
17 53 8
17 54 43
17 55 22
17 56 23
17 57 50
17 58 3
17 59 15
17 60 13
17 61 46
17 62 9
17 63 23
17 64 13
17 65 52
17 66 29
17 67 18
17 68 52
17 69 31
17 70 28
17 71 34
17 72 6
17 73 29
17 74 52
17 75 0
17 76 12
17 77 29
17 78 25
17 79 42
17 80 19
17 81 36
17 82 14
17 83 24
17 84 31
17 85 2
17 86 33
17 87 41
17 88 53
17 89 36
17 90 43
17 91 53
17 92 14
17 93 52
17 94 9
17 95 15
17 96 36
17 97 25
17 98 20
17 99 21
18 0 43
18 1 48
18 2 0
18 3 50
18 4 10
18 5 52
18 6 37
18 7 22
18 8 14
18 9 7
18 10 9
18 11 33
18 12 30
18 13 24
18 14 2
18 15 48
18 16 26
18 17 35
18 18 35
18 19 11
18 20 4
18 21 23
18 22 52
18 23 5
18 24 8
18 25 6
18 26 20
18 27 44
18 28 18
18 29 40
18 30 52
18 31 6
18 32 34
18 33 53
18 34 43
18 35 31
18 36 37
18 37 25
18 38 53
18 39 51
18 40 19
18 41 8
18 42 16
18 43 36
18 44 19
18 45 18
18 46 30
18 47 45
18 48 41
18 49 10
18 50 44
18 51 32
18 52 20
18 53 41
18 54 37
18 55 28
18 56 34
18 57 45
18 58 5
18 59 52
18 60 17
18 61 2
18 62 3
18 63 51
18 64 42
18 65 47
18 66 14
18 67 12
18 68 4
18 69 13
18 70 8
18 71 24
18 72 8
18 73 25
18 74 5
18 75 27
18 76 30
18 77 22
18 78 4
18 79 3
18 80 32
18 81 48
18 82 35
18 83 40
18 84 21
18 85 5
18 86 13
18 87 0
18 88 50
18 89 5
18 90 39
18 91 12
18 92 50
18 93 43
18 94 51
18 95 24
18 96 22
18 97 10
18 98 36
18 99 13
19 0 10
19 1 45
19 2 24
19 3 18
19 4 2
19 5 17
19 6 45
19 7 32
19 8 39
19 9 50
19 10 23
19 11 4
19 12 30
19 13 3
19 14 44
19 15 52
19 16 50
19 17 44
19 18 52
19 19 32
19 20 50
19 21 37
19 22 45
19 23 32
19 24 12
19 25 28
19 26 1
19 27 21
19 28 25
19 29 25
19 30 34
19 31 36
19 32 2
19 33 46
19 34 54
19 35 4
19 36 8
19 37 32
19 38 23
19 39 47
19 40 27
19 41 33
19 42 51
19 43 2
19 44 37
19 45 40
19 46 54
19 47 19
19 48 30
19 49 39
19 50 52
19 51 12
19 52 8
19 53 29
19 54 31
19 55 20
19 56 2
19 57 19
19 58 28
19 59 14
19 60 44
19 61 49
19 62 50
19 63 46
19 64 40
19 65 37
19 66 37
19 67 48
19 68 14
19 69 48
19 70 41
19 71 41
19 72 26
19 73 24
19 74 30
19 75 50
19 76 10
19 77 17
19 78 15
19 79 27
19 80 1
19 81 54
19 82 26
19 83 9
19 84 28
19 85 2
19 86 16
19 87 30
19 88 21
19 89 31
19 90 44
19 91 53
19 92 25
19 93 27
19 94 31
19 95 11
19 96 9
19 97 1
19 98 4
19 99 23
20 0 36
20 1 32
20 2 51
20 3 49
20 4 2
20 5 26
20 6 45
20 7 54
20 8 30
20 9 47
20 10 26
20 11 31
20 12 33
20 13 52
20 14 27
20 15 6
20 16 41
20 17 30
20 18 23
20 19 7
20 20 6
20 21 54
20 22 47
20 23 32
20 24 26
20 25 24
20 26 30
20 27 22
20 28 25
20 29 34
20 30 45
20 31 6
20 32 12
20 33 28
20 34 0
20 35 1
20 36 0
20 37 32
20 38 0
20 39 17
20 40 11
20 41 26
20 42 49
20 43 44
20 44 10
20 45 8
20 46 50
20 47 51
20 48 26
20 49 5
20 50 45
20 51 32
20 52 5
20 53 38
20 54 51
20 55 31
20 56 49
20 57 26
20 58 54
20 59 19
20 60 48
20 61 31
20 62 12
20 63 47
20 64 5
20 65 12
20 66 48
20 67 47
20 68 32
20 69 48
20 70 9
20 71 30
20 72 6
20 73 45
20 74 20
20 75 16
20 76 54
20 77 2
20 78 54
20 79 12
20 80 8
20 81 44
20 82 44
20 83 13
20 84 14
20 85 28
20 86 31
20 87 8
20 88 41
20 89 30
20 90 14
20 91 34
20 92 49
20 93 26
20 94 26
20 95 54
20 96 26
20 97 19
20 98 33
20 99 45
21 0 54
21 1 29
21 2 20
21 3 5
21 4 20
21 5 40
21 6 21
21 7 6
21 8 30
21 9 7
21 10 18
21 11 38
21 12 39
21 13 49
21 14 38
21 15 53
21 16 9
21 17 14
21 18 49
21 19 51
21 20 32
21 21 50
21 22 17
21 23 26
21 24 22
21 25 44
21 26 12
21 27 35
21 28 50
21 29 45
21 30 25
21 31 37
21 32 19
21 33 32
21 34 42
21 35 26
21 36 18
21 37 51
21 38 32
21 39 35
21 40 3
21 41 37
21 42 18
21 43 42
21 44 19
21 45 1
21 46 28
21 47 28
21 48 15
21 49 9
21 50 24
21 51 47
21 52 4
21 53 42
21 54 5
21 55 26
21 56 18
21 57 17
21 58 48
21 59 0
21 60 49
21 61 5
21 62 37
21 63 1
21 64 38
21 65 12
21 66 27
21 67 43
21 68 8
21 69 47
21 70 23
21 71 53
21 72 16
21 73 41
21 74 41
21 75 35
21 76 29
21 77 1
21 78 9
21 79 31
21 80 10
21 81 20
21 82 24
21 83 14
21 84 49
21 85 16
21 86 28
21 87 12
21 88 34
21 89 21
21 90 0
21 91 28
21 92 14
21 93 37
21 94 29
21 95 52
21 96 36
21 97 44
21 98 40
21 99 44
22 0 23
22 1 8
22 2 43
22 3 39
22 4 36
22 5 16
22 6 20
22 7 10
22 8 4
22 9 16
22 10 41
22 11 14
22 12 36
22 13 52
22 14 15
22 15 31
22 16 14
22 17 43
22 18 30
22 19 35
22 20 52
22 21 30
22 22 8
22 23 53
22 24 0
22 25 25
22 26 50
22 27 36
22 28 1
22 29 22
22 30 13
22 31 24
22 32 30
22 33 43
22 34 50
22 35 53
22 36 46
22 37 15
22 38 8
22 39 50
22 40 31
22 41 36
22 42 9
22 43 0
22 44 21
22 45 11
22 46 18
22 47 35
22 48 42
22 49 48
22 50 15
22 51 26
22 52 11
22 53 10
22 54 24
22 55 11
22 56 22
22 57 19
22 58 34
22 59 10
22 60 41
22 61 34
22 62 34
22 63 3
22 64 22
22 65 30
22 66 1
22 67 13
22 68 32
22 69 51
22 70 50
22 71 51
22 72 19
22 73 46
22 74 38
22 75 40
22 76 3
22 77 1
22 78 7
22 79 45
22 80 49
22 81 9
22 82 16
22 83 5
22 84 20
22 85 40
22 86 3
22 87 29
22 88 46
22 89 25
22 90 40
22 91 19
22 92 4
22 93 6
22 94 22
22 95 14
22 96 23
22 97 10
22 98 14
22 99 1
23 0 6
23 1 10
23 2 39
23 3 25
23 4 43
23 5 22
23 6 53
23 7 46
23 8 23
23 9 5
23 10 23
23 11 4
23 12 15
23 13 26
23 14 52
23 15 22
23 16 53
23 17 0
23 18 38
23 19 44
23 20 12
23 21 23
23 22 8
23 23 4
23 24 17
23 25 17
23 26 5
23 27 40
23 28 27
23 29 19
23 30 28
23 31 20
23 32 16
23 33 12
23 34 46
23 35 5
23 36 21
23 37 31
23 38 38
23 39 44
23 40 36
23 41 7
23 42 36
23 43 38
23 44 20
23 45 33
23 46 47
23 47 19
23 48 20
23 49 31
23 50 50
23 51 33
23 52 41
23 53 46
23 54 37
23 55 3
23 56 8
23 57 42
23 58 31
23 59 23
23 60 48
23 61 4
23 62 43
23 63 10
23 64 4
23 65 21
23 66 2
23 67 12
23 68 52
23 69 27
23 70 44
23 71 21
23 72 34
23 73 25
23 74 4
23 75 42
23 76 3
23 77 52
23 78 6
23 79 23
23 80 15
23 81 43
23 82 1
23 83 1
23 84 34
23 85 25
23 86 47
23 87 30
23 88 54
23 89 23
23 90 53
23 91 48
23 92 14
23 93 28
23 94 45
23 95 5
23 96 50
23 97 34
23 98 18
23 99 34
24 0 6
24 1 7
24 2 0
24 3 28
24 4 32
24 5 5
24 6 15
24 7 35
24 8 44
24 9 8
24 10 45
24 11 4
24 12 51
24 13 47
24 14 47
24 15 31
24 16 4
24 17 39
24 18 48
24 19 4
24 20 49
24 21 33
24 22 39
24 23 9
24 24 6
24 25 29
24 26 1
24 27 43
24 28 50
24 29 19
24 30 23
24 31 1
24 32 13
24 33 23
24 34 29
24 35 45
24 36 15
24 37 31
24 38 12
24 39 46
24 40 39
24 41 3
24 42 37
24 43 36
24 44 37
24 45 30
24 46 54
24 47 28
24 48 14
24 49 34
24 50 32
24 51 9
24 52 12
24 53 3
24 54 5
24 55 5
24 56 19
24 57 6
24 58 49
24 59 14
24 60 26
24 61 4
24 62 3
24 63 26
24 64 14
24 65 32
24 66 17
24 67 17
24 68 51
24 69 16
24 70 8
24 71 35
24 72 6
24 73 46
24 74 3
24 75 30
24 76 21
24 77 44
24 78 4
24 79 22
24 80 10
24 81 23
24 82 18
24 83 22
24 84 27
24 85 23
24 86 15
24 87 33
24 88 17
24 89 9
24 90 48
24 91 30
24 92 0
24 93 51
24 94 1
24 95 14
24 96 15
24 97 18
24 98 18
24 99 11
25 0 22
25 1 27
25 2 34
25 3 15
25 4 5
25 5 24
25 6 46
25 7 13
25 8 1
25 9 37
25 10 35
25 11 11
25 12 5
25 13 41
25 14 34
25 15 19
25 16 9
25 17 36
25 18 53
25 19 26
25 20 45
25 21 33
25 22 1
25 23 32
25 24 29
25 25 3
25 26 33
25 27 31
25 28 8
25 29 52
25 30 30
25 31 17
25 32 24
25 33 9
25 34 33
25 35 16
25 36 20
25 37 11
25 38 29
25 39 21
25 40 48
25 41 51
25 42 33
25 43 40
25 44 37
25 45 54
25 46 47
25 47 34
25 48 35
25 49 32
25 50 47
25 51 12
25 52 10
25 53 36
25 54 31
25 55 26
25 56 39
25 57 9
25 58 44
25 59 34
25 60 6
25 61 19
25 62 39
25 63 17
25 64 15
25 65 17
25 66 33
25 67 36
25 68 28
25 69 49
25 70 2
25 71 8
25 72 46
25 73 22
25 74 48
25 75 15
25 76 8
25 77 40
25 78 49
25 79 30
25 80 4
25 81 42
25 82 29
25 83 14
25 84 10
25 85 5
25 86 27
25 87 36
25 88 15
25 89 17
25 90 15
25 91 21
25 92 23
25 93 41
25 94 39
25 95 39
25 96 3
25 97 4
25 98 20
25 99 18
26 0 54
26 1 9
26 2 13
26 3 32
26 4 19
26 5 7
26 6 47
26 7 27
26 8 34
26 9 29
26 10 3
26 11 39
26 12 3
26 13 19
26 14 40
26 15 13
26 16 25
26 17 0
26 18 49
26 19 40
26 20 4
26 21 51
26 22 48
26 23 27
26 24 38
26 25 32
26 26 11
26 27 28
26 28 24
26 29 18
26 30 34
26 31 23
26 32 28
26 33 47
26 34 0
26 35 47
26 36 41
26 37 34
26 38 6
26 39 8
26 40 50
26 41 51
26 42 34
26 43 53
26 44 16
26 45 6
26 46 11
26 47 41
26 48 6
26 49 47
26 50 13
26 51 52
26 52 44
26 53 6
26 54 25
26 55 14
26 56 39
26 57 23
26 58 42
26 59 8
26 60 42
26 61 8
26 62 18
26 63 2
26 64 1
26 65 5
26 66 49
26 67 29
26 68 26
26 69 42
26 70 37
26 71 22
26 72 39
26 73 16
26 74 20
26 75 42
26 76 23
26 77 19
26 78 28
26 79 16
26 80 53
26 81 41
26 82 14
26 83 42
26 84 47
26 85 26
26 86 43
26 87 18
26 88 49
26 89 18
26 90 13
26 91 36
26 92 26
26 93 18
26 94 25
26 95 14
26 96 23
26 97 19
26 98 44
26 99 37
27 0 49
27 1 26
27 2 4
27 3 20
27 4 30
27 5 24
27 6 7
27 7 40
27 8 30
27 9 22
27 10 1
27 11 29
27 12 8
27 13 15
27 14 3
27 15 42
27 16 28
27 17 47
27 18 48
27 19 23
27 20 10
27 21 48
27 22 46
27 23 36
27 24 54
27 25 17
27 26 51
27 27 9
27 28 23
27 29 27
27 30 46
27 31 17
27 32 53
27 33 50
27 34 37
27 35 15
27 36 7
27 37 31
27 38 0
27 39 37
27 40 53
27 41 2
27 42 11
27 43 48
27 44 4
27 45 2
27 46 36
27 47 33
27 48 49
27 49 16
27 50 43
27 51 4
27 52 51
27 53 34
27 54 27
27 55 50
27 56 51
27 57 10
27 58 5
27 59 7
27 60 37
27 61 51
27 62 11
27 63 23
27 64 47
27 65 49
27 66 38
27 67 41
27 68 25
27 69 39
27 70 23
27 71 11
27 72 28
27 73 22
27 74 4
27 75 19
27 76 24
27 77 27
27 78 39
27 79 18
27 80 43
27 81 27
27 82 9
27 83 40
27 84 49
27 85 23
27 86 22
27 87 32
27 88 34
27 89 27
27 90 39
27 91 16
27 92 11
27 93 51
27 94 26
27 95 3
27 96 32
27 97 10
27 98 44
27 99 44
28 0 36
28 1 54
28 2 0
28 3 51
28 4 21
28 5 5
28 6 2
28 7 32
28 8 32
28 9 42
28 10 37
28 11 8
28 12 1
28 13 46
28 14 35
28 15 50
28 16 2
28 17 2
28 18 28
28 19 36
28 20 30
28 21 12
28 22 39
28 23 28
28 24 50
28 25 11
28 26 18
28 27 27
28 28 8
28 29 49
28 30 17
28 31 31
28 32 48
28 33 4
28 34 14
28 35 2
28 36 9
28 37 16
28 38 34
28 39 29
28 40 3
28 41 4
28 42 37
28 43 5
28 44 37
28 45 17
28 46 42
28 47 39
28 48 19
28 49 15
28 50 20
28 51 36
28 52 15
28 53 5
28 54 9
28 55 10
28 56 3
28 57 27
28 58 25
28 59 53
28 60 21
28 61 29
28 62 29
28 63 2
28 64 33
28 65 30
28 66 4
28 67 43
28 68 46
28 69 25
28 70 17
28 71 37
28 72 29
28 73 54
28 74 29
28 75 12
28 76 3
28 77 16
28 78 51
28 79 22
28 80 32
28 81 4
28 82 46
28 83 34
28 84 51
28 85 0
28 86 44
28 87 54
28 88 15
28 89 1
28 90 52
28 91 23
28 92 30
28 93 13
28 94 25
28 95 9
28 96 43
28 97 29
28 98 39
28 99 21
29 0 42
29 1 43
29 2 3
29 3 16
29 4 42
29 5 32
29 6 15
29 7 32
29 8 36
29 9 12
29 10 54
29 11 13
29 12 16
29 13 32
29 14 34
29 15 12
29 16 20
29 17 10
29 18 53
29 19 35
29 20 12
29 21 37
29 22 3
29 23 42
29 24 37
29 25 29
29 26 38
29 27 12
29 28 45
29 29 22
29 30 33
29 31 32
29 32 10
29 33 37
29 34 36
29 35 39
29 36 1
29 37 51
29 38 16
29 39 37
29 40 8
29 41 3
29 42 37
29 43 11
29 44 35
29 45 16
29 46 10
29 47 42
29 48 14
29 49 50
29 50 22
29 51 26
29 52 19
29 53 13
29 54 13
29 55 1
29 56 29
29 57 39
29 58 13
29 59 19
29 60 6
29 61 34
29 62 39
29 63 17
29 64 3
29 65 20
29 66 1
29 67 4
29 68 3
29 69 5
29 70 29
29 71 54
29 72 8
29 73 53
29 74 10
29 75 30
29 76 2
29 77 8
29 78 18
29 79 16
29 80 3
29 81 27
29 82 42
29 83 10
29 84 40
29 85 42
29 86 11
29 87 1
29 88 26
29 89 12
29 90 8
29 91 33
29 92 46
29 93 47
29 94 37
29 95 49
29 96 54
29 97 25
29 98 40
29 99 2
30 0 17
30 1 1
30 2 1
30 3 12
30 4 0
30 5 54
30 6 43
30 7 2
30 8 7
30 9 48
30 10 18
30 11 52
30 12 7
30 13 47
30 14 49
30 15 35
30 16 34
30 17 6
30 18 36
30 19 48
30 20 5
30 21 44
30 22 13
30 23 38
30 24 23
30 25 50
30 26 32
30 27 9
30 28 7
30 29 4
30 30 12
30 31 25
30 32 6
30 33 0
30 34 37
30 35 6
30 36 54
30 37 12
30 38 50
30 39 48
30 40 47
30 41 13
30 42 33
30 43 0
30 44 5
30 45 27
30 46 35
30 47 26
30 48 20
30 49 16
30 50 6
30 51 25
30 52 48
30 53 19
30 54 8
30 55 3
30 56 1
30 57 27
30 58 13
30 59 51
30 60 32
30 61 25
30 62 21
30 63 25
30 64 25
30 65 45
30 66 18
30 67 12
30 68 3
30 69 13
30 70 47
30 71 50
30 72 26
30 73 25
30 74 50
30 75 18
30 76 40
30 77 17
30 78 31
30 79 5
30 80 21
30 81 38
30 82 18
30 83 14
30 84 44
30 85 13
30 86 17
30 87 33
30 88 41
30 89 30
30 90 29
30 91 5
30 92 42
30 93 50
30 94 17
30 95 0
30 96 40
30 97 35
30 98 54
30 99 30
31 0 48
31 1 46
31 2 26
31 3 19
31 4 4
31 5 8
31 6 24
31 7 44
31 8 26
31 9 42
31 10 36
31 11 34
31 12 12
31 13 54
31 14 48
31 15 2
31 16 13
31 17 52
31 18 35
31 19 41
31 20 15
31 21 9
31 22 46
31 23 44
31 24 46
31 25 8
31 26 44
31 27 31
31 28 43
31 29 30
31 30 49
31 31 23
31 32 22
31 33 20
31 34 42
31 35 13
31 36 15
31 37 53
31 38 2
31 39 28
31 40 40
31 41 25
31 42 7
31 43 53
31 44 25
31 45 42
31 46 42
31 47 25
31 48 27
31 49 9
31 50 11
31 51 42
31 52 18
31 53 44
31 54 31
31 55 9
31 56 39
31 57 8
31 58 27
31 59 27
31 60 38
31 61 21
31 62 50
31 63 47
31 64 28
31 65 24
31 66 5
31 67 31
31 68 9
31 69 49
31 70 46
31 71 36
31 72 20
31 73 54
31 74 21
31 75 32
31 76 28
31 77 8
31 78 2
31 79 0
31 80 17
31 81 0
31 82 42
31 83 22
31 84 44
31 85 6
31 86 18
31 87 28
31 88 1
31 89 33
31 90 42
31 91 26
31 92 41
31 93 24
31 94 19
31 95 2
31 96 35
31 97 11
31 98 33
31 99 31
32 0 48
32 1 24
32 2 12
32 3 0
32 4 10
32 5 34
32 6 19
32 7 39
32 8 29
32 9 21
32 10 39
32 11 34
32 12 8
32 13 14
32 14 1
32 15 52
32 16 20
32 17 7
32 18 12
32 19 21
32 20 40
32 21 41
32 22 34
32 23 26
32 24 10
32 25 53
32 26 15
32 27 32
32 28 52
32 29 48
32 30 8
32 31 32
32 32 5
32 33 7
32 34 19
32 35 2
32 36 41
32 37 38
32 38 41
32 39 3
32 40 4
32 41 13
32 42 37
32 43 12
32 44 27
32 45 25
32 46 51
32 47 34
32 48 32
32 49 50
32 50 42
32 51 4
32 52 36
32 53 21
32 54 18
32 55 33
32 56 7
32 57 33
32 58 10
32 59 4
32 60 27
32 61 5
32 62 23
32 63 19
32 64 12
32 65 42
32 66 21
32 67 41
32 68 25
32 69 50
32 70 44
32 71 16
32 72 8
32 73 26
32 74 15
32 75 35
32 76 51
32 77 53
32 78 14
32 79 16
32 80 48
32 81 1
32 82 20
32 83 29
32 84 22
32 85 38
32 86 49
32 87 16
32 88 17
32 89 46
32 90 7
32 91 31
32 92 51
32 93 30
32 94 50
32 95 50
32 96 4
32 97 3
32 98 36
32 99 29
33 0 53
33 1 12
33 2 32
33 3 6
33 4 38
33 5 47
33 6 28
33 7 22
33 8 45
33 9 29
33 10 38
33 11 25
33 12 17
33 13 45
33 14 41
33 15 40
33 16 29
33 17 35
33 18 43
33 19 33
33 20 13
33 21 51
33 22 9
33 23 9
33 24 26
33 25 46
33 26 47
33 27 31
33 28 49
33 29 15
33 30 47
33 31 35
33 32 28
33 33 25
33 34 41
33 35 11
33 36 4
33 37 2
33 38 20
33 39 50
33 40 31
33 41 3
33 42 7
33 43 49
33 44 49
33 45 49
33 46 21
33 47 10
33 48 16
33 49 9
33 50 43
33 51 30
33 52 5
33 53 39
33 54 26
33 55 19
33 56 30
33 57 18
33 58 50
33 59 11
33 60 34
33 61 29
33 62 46
33 63 7
33 64 54
33 65 20
33 66 5
33 67 4
33 68 22
33 69 26
33 70 41
33 71 53
33 72 16
33 73 48
33 74 34
33 75 52
33 76 29
33 77 0
33 78 49
33 79 46
33 80 52
33 81 37
33 82 21
33 83 2
33 84 21
33 85 47
33 86 21
33 87 38
33 88 11
33 89 3
33 90 50
33 91 32
33 92 33
33 93 41
33 94 26
33 95 19
33 96 6
33 97 31
33 98 23
33 99 15
34 0 44
34 1 51
34 2 1
34 3 6
34 4 32
34 5 35
34 6 45
34 7 6
34 8 23
34 9 40
34 10 52
34 11 20
34 12 9
34 13 18
34 14 22
34 15 18
34 16 53
34 17 31
34 18 1
34 19 51
34 20 21
34 21 51
34 22 28
34 23 54
34 24 25
34 25 54
34 26 6
34 27 18
34 28 17
34 29 16
34 30 34
34 31 7
34 32 13
34 33 35
34 34 0
34 35 45
34 36 2
34 37 32
34 38 38
34 39 25
34 40 17
34 41 23
34 42 45
34 43 14
34 44 28
34 45 0
34 46 32
34 47 26
34 48 18
34 49 33
34 50 22
34 51 39
34 52 17
34 53 37
34 54 26
34 55 42
34 56 36
34 57 32
34 58 47
34 59 41
34 60 48
34 61 26
34 62 35
34 63 48
34 64 48
34 65 22
34 66 25
34 67 38
34 68 54
34 69 9
34 70 8
34 71 4
34 72 32
34 73 41
34 74 18
34 75 47
34 76 28
34 77 50
34 78 19
34 79 33
34 80 28
34 81 41
34 82 4
34 83 32
34 84 11
34 85 30
34 86 19
34 87 34
34 88 49
34 89 12
34 90 20
34 91 30
34 92 25
34 93 0
34 94 23
34 95 6
34 96 22
34 97 36
34 98 44
34 99 9
35 0 45
35 1 39
35 2 13
35 3 9
35 4 12
35 5 18
35 6 1
35 7 27
35 8 13
35 9 7
35 10 5
35 11 28
35 12 36
35 13 52
35 14 6
35 15 47
35 16 14
35 17 12
35 18 26
35 19 9
35 20 11
35 21 34
35 22 26
35 23 24
35 24 34
35 25 49
35 26 30
35 27 44
35 28 30
35 29 6
35 30 40
35 31 7
35 32 32
35 33 53
35 34 3
35 35 32
35 36 3
35 37 47
35 38 46
35 39 16
35 40 41
35 41 39
35 42 31
35 43 22
35 44 36
35 45 24
35 46 1
35 47 50
35 48 37
35 49 28
35 50 46
35 51 35
35 52 7
35 53 17
35 54 4
35 55 28
35 56 54
35 57 21
35 58 4
35 59 16
35 60 27
35 61 44
35 62 11
35 63 47
35 64 29
35 65 14
35 66 11
35 67 32
35 68 48
35 69 2
35 70 35
35 71 22
35 72 41
35 73 12
35 74 44
35 75 22
35 76 36
35 77 46
35 78 18
35 79 5
35 80 6
35 81 51
35 82 41
35 83 0
35 84 14
35 85 45
35 86 15
35 87 13
35 88 12
35 89 20
35 90 29
35 91 26
35 92 51
35 93 40
35 94 5
35 95 26
35 96 42
35 97 16
35 98 45
35 99 22
36 0 19
36 1 26
36 2 44
36 3 47
36 4 25
36 5 21
36 6 15
36 7 48
36 8 54
36 9 20
36 10 54
36 11 5
36 12 16
36 13 27
36 14 47
36 15 17
36 16 17
36 17 7
36 18 30
36 19 16
36 20 14
36 21 5
36 22 30
36 23 11
36 24 32
36 25 35
36 26 37
36 27 19
36 28 39
36 29 14
36 30 29
36 31 45
36 32 40
36 33 18
36 34 37
36 35 10
36 36 39
36 37 39
36 38 4
36 39 38
36 40 4
36 41 45
36 42 30
36 43 8
36 44 17
36 45 22
36 46 25
36 47 21
36 48 17
36 49 1
36 50 38
36 51 31
36 52 48
36 53 0
36 54 42
36 55 12
36 56 22
36 57 11
36 58 19
36 59 6
36 60 26
36 61 48
36 62 51
36 63 53
36 64 53
36 65 21
36 66 51
36 67 38
36 68 5
36 69 42
36 70 8
36 71 52
36 72 32
36 73 26
36 74 5
36 75 36
36 76 48
36 77 30
36 78 2
36 79 52
36 80 18
36 81 27
36 82 29
36 83 53
36 84 27
36 85 3
36 86 53
36 87 50
36 88 2
36 89 17
36 90 43
36 91 28
36 92 52
36 93 27
36 94 13
36 95 50
36 96 48
36 97 9
36 98 20
36 99 53
37 0 51
37 1 16
37 2 50
37 3 15
37 4 42
37 5 42
37 6 51
37 7 22
37 8 5
37 9 41
37 10 20
37 11 23
37 12 13
37 13 49
37 14 9
37 15 28
37 16 39
37 17 7
37 18 10
37 19 41
37 20 11
37 21 40
37 22 1
37 23 8
37 24 12
37 25 15
37 26 3
37 27 5
37 28 11
37 29 11
37 30 46
37 31 8
37 32 27
37 33 28
37 34 10
37 35 14
37 36 3
37 37 49
37 38 36
37 39 8
37 40 35
37 41 1
37 42 18
37 43 35
37 44 37
37 45 14
37 46 50
37 47 22
37 48 21
37 49 5
37 50 50
37 51 32
37 52 33
37 53 52
37 54 27
37 55 45
37 56 12
37 57 31
37 58 38
37 59 23
37 60 42
37 61 16
37 62 18
37 63 14
37 64 31
37 65 29
37 66 15
37 67 34
37 68 23
37 69 51
37 70 42
37 71 45
37 72 53
37 73 48
37 74 25
37 75 22
37 76 7
37 77 8
37 78 44
37 79 16
37 80 0
37 81 40
37 82 35
37 83 33
37 84 24
37 85 8
37 86 24
37 87 36
37 88 26
37 89 49
37 90 46
37 91 0
37 92 10
37 93 52
37 94 1
37 95 41
37 96 13
37 97 16
37 98 21
37 99 23
38 0 12
38 1 50
38 2 13
38 3 52
38 4 43
38 5 25
38 6 20
38 7 51
38 8 33
38 9 51
38 10 12
38 11 21
38 12 23
38 13 47
38 14 54
38 15 47
38 16 42
38 17 23
38 18 28
38 19 13
38 20 17
38 21 7
38 22 13
38 23 14
38 24 46
38 25 14
38 26 1
38 27 4
38 28 30
38 29 9
38 30 27
38 31 30
38 32 4
38 33 27
38 34 27
38 35 35
38 36 39
38 37 34
38 38 31
38 39 5
38 40 31
38 41 30
38 42 26
38 43 54
38 44 9
38 45 25
38 46 47
38 47 52
38 48 36
38 49 7
38 50 10
38 51 40
38 52 1
38 53 11
38 54 0
38 55 47
38 56 25
38 57 43
38 58 51
38 59 43
38 60 52
38 61 10
38 62 18
38 63 1
38 64 24
38 65 32
38 66 36
38 67 51
38 68 12
38 69 54
38 70 1
38 71 43
38 72 16
38 73 14
38 74 29
38 75 26
38 76 26
38 77 21
38 78 10
38 79 7
38 80 16
38 81 7
38 82 35
38 83 17
38 84 18
38 85 35
38 86 10
38 87 31
38 88 10
38 89 48
38 90 6
38 91 7
38 92 46
38 93 24
38 94 50
38 95 2
38 96 43
38 97 19
38 98 53
38 99 0
39 0 18
39 1 41
39 2 30
39 3 22
39 4 42
39 5 47
39 6 35
39 7 14
39 8 13
39 9 45
39 10 8
39 11 16
39 12 39
39 13 43
39 14 34
39 15 45
39 16 10
39 17 31
39 18 8
39 19 20
39 20 11
39 21 14
39 22 14
39 23 2
39 24 25
39 25 10
39 26 47
39 27 13
39 28 29
39 29 32
39 30 1
39 31 34
39 32 19
39 33 18
39 34 43
39 35 48
39 36 10
39 37 23
39 38 7
39 39 11
39 40 0
39 41 16
39 42 27
39 43 27
39 44 46
39 45 48
39 46 17
39 47 2
39 48 24
39 49 25
39 50 9
39 51 36
39 52 39
39 53 24
39 54 25
39 55 9
39 56 21
39 57 17
39 58 9
39 59 50
39 60 50
39 61 10
39 62 16
39 63 1
39 64 16
39 65 5
39 66 49
39 67 26
39 68 15
39 69 2
39 70 24
39 71 3
39 72 5
39 73 52
39 74 30
39 75 51
39 76 32
39 77 47
39 78 40
39 79 2
39 80 4
39 81 50
39 82 38
39 83 43
39 84 6
39 85 8
39 86 39
39 87 27
39 88 26
39 89 48
39 90 9
39 91 8
39 92 46
39 93 12
39 94 9
39 95 7
39 96 4
39 97 3
39 98 20
39 99 20
40 0 47
40 1 32
40 2 10
40 3 52
40 4 16
40 5 40
40 6 36
40 7 48
40 8 32
40 9 21
40 10 50
40 11 23
40 12 3
40 13 20
40 14 11
40 15 9
40 16 29
40 17 37
40 18 23
40 19 42
40 20 17
40 21 32
40 22 37
40 23 8
40 24 32
40 25 46
40 26 2
40 27 36
40 28 36
40 29 10
40 30 43
40 31 29
40 32 42
40 33 53
40 34 13
40 35 45
40 36 25
40 37 49
40 38 38
40 39 44
40 40 3
40 41 34
40 42 12
40 43 6
40 44 54
40 45 10
40 46 3
40 47 15
40 48 47
40 49 26
40 50 44
40 51 10
40 52 46
40 53 26
40 54 5
40 55 10
40 56 4
40 57 50
40 58 46
40 59 41
40 60 47
40 61 22
40 62 2
40 63 21
40 64 7
40 65 15
40 66 11
40 67 33
40 68 52
40 69 49
40 70 22
40 71 0
40 72 15
40 73 35
40 74 48
40 75 2
40 76 45
40 77 51
40 78 4
40 79 25
40 80 10
40 81 49
40 82 35
40 83 43
40 84 7
40 85 27
40 86 53
40 87 12
40 88 22
40 89 44
40 90 53
40 91 1
40 92 53
40 93 0
40 94 22
40 95 6
40 96 2
40 97 33
40 98 26
40 99 41
41 0 15
41 1 48
41 2 28
41 3 30
41 4 15
41 5 22
41 6 19
41 7 6
41 8 5
41 9 24
41 10 18
41 11 2
41 12 5
41 13 40
41 14 45
41 15 12
41 16 12
41 17 43
41 18 24
41 19 22
41 20 20
41 21 22
41 22 23
41 23 18
41 24 9
41 25 46
41 26 11
41 27 54
41 28 24
41 29 37
41 30 40
41 31 39
41 32 31
41 33 1
41 34 2
41 35 33
41 36 23
41 37 21
41 38 26
41 39 15
41 40 32
41 41 44
41 42 18
41 43 37
41 44 29
41 45 50
41 46 50
41 47 42
41 48 39
41 49 19
41 50 51
41 51 4
41 52 29
41 53 19
41 54 9
41 55 25
41 56 10
41 57 21
41 58 11
41 59 22
41 60 3
41 61 52
41 62 48
41 63 21
41 64 53
41 65 50
41 66 0
41 67 8
41 68 4
41 69 26
41 70 10
41 71 36
41 72 16
41 73 15
41 74 19
41 75 45
41 76 11
41 77 1
41 78 19
41 79 37
41 80 20
41 81 15
41 82 41
41 83 36
41 84 35
41 85 50
41 86 49
41 87 32
41 88 3
41 89 5
41 90 41
41 91 7
41 92 44
41 93 35
41 94 15
41 95 42
41 96 17
41 97 15
41 98 37
41 99 8
42 0 29
42 1 35
42 2 32
42 3 45
42 4 50
42 5 51
42 6 22
42 7 48
42 8 39
42 9 29
42 10 30
42 11 46
42 12 44
42 13 16
42 14 28
42 15 11
42 16 54
42 17 9
42 18 31
42 19 2
42 20 14
42 21 17
42 22 51
42 23 4
42 24 39
42 25 12
42 26 33
42 27 44
42 28 14
42 29 3
42 30 39
42 31 43
42 32 38
42 33 16
42 34 20
42 35 20
42 36 54
42 37 30
42 38 14
42 39 38
42 40 4
42 41 44
42 42 30
42 43 48
42 44 48
42 45 45
42 46 47
42 47 34
42 48 54
42 49 23
42 50 23
42 51 13
42 52 27
42 53 20
42 54 4
42 55 54
42 56 19
42 57 38
42 58 43
42 59 33
42 60 28
42 61 27
42 62 9
42 63 11
42 64 31
42 65 29
42 66 18
42 67 30
42 68 4
42 69 32
42 70 14
42 71 8
42 72 9
42 73 44
42 74 44
42 75 2
42 76 34
42 77 36
42 78 23
42 79 20
42 80 46
42 81 46
42 82 33
42 83 18
42 84 53
42 85 25
42 86 17
42 87 17
42 88 50
42 89 47
42 90 38
42 91 23
42 92 7
42 93 47
42 94 21
42 95 38
42 96 8
42 97 39
42 98 0
42 99 13
43 0 17
43 1 14
43 2 8
43 3 13
43 4 45
43 5 39
43 6 2
43 7 11
43 8 7
43 9 25
43 10 31
43 11 53
43 12 16
43 13 52
43 14 4
43 15 15
43 16 22
43 17 8
43 18 19
43 19 17
43 20 43
43 21 2
43 22 40
43 23 50
43 24 49
43 25 6
43 26 20
43 27 45
43 28 32
43 29 20
43 30 3
43 31 36
43 32 22
43 33 53
43 34 49
43 35 12
43 36 25
43 37 51
43 38 24
43 39 32
43 40 8
43 41 42
43 42 18
43 43 12
43 44 39
43 45 9
43 46 14
43 47 6
43 48 4
43 49 33
43 50 10
43 51 47
43 52 23
43 53 50
43 54 29
43 55 4
43 56 43
43 57 49
43 58 49
43 59 8
43 60 2
43 61 39
43 62 44
43 63 24
43 64 38
43 65 39
43 66 23
43 67 8
43 68 22
43 69 34
43 70 27
43 71 18
43 72 22
43 73 45
43 74 30
43 75 48
43 76 41
43 77 44
43 78 42
43 79 46
43 80 9
43 81 52
43 82 38
43 83 32
43 84 35
43 85 0
43 86 37
43 87 10
43 88 36
43 89 31
43 90 18
43 91 38
43 92 16
43 93 8
43 94 49
43 95 41
43 96 34
43 97 18
43 98 36
43 99 43
44 0 52
44 1 50
44 2 6
44 3 19
44 4 28
44 5 23
44 6 13
44 7 14
44 8 54
44 9 42
44 10 5
44 11 9
44 12 39
44 13 31
44 14 28
44 15 19
44 16 31
44 17 52
44 18 17
44 19 54
44 20 29
44 21 35
44 22 38
44 23 32
44 24 30
44 25 19
44 26 5
44 27 9
44 28 37
44 29 28
44 30 40
44 31 35
44 32 23
44 33 46
44 34 41
44 35 51
44 36 2
44 37 41
44 38 11
44 39 1
44 40 28
44 41 3
44 42 52
44 43 0
44 44 34
44 45 26
44 46 6
44 47 52
44 48 23
44 49 23
44 50 39
44 51 39
44 52 4
44 53 9
44 54 3
44 55 21
44 56 28
44 57 8
44 58 18
44 59 11
44 60 36
44 61 3
44 62 33
44 63 47
44 64 36
44 65 6
44 66 43
44 67 38
44 68 48
44 69 41
44 70 40
44 71 8
44 72 45
44 73 37
44 74 8
44 75 11
44 76 50
44 77 15
44 78 51
44 79 19
44 80 38
44 81 35
44 82 45
44 83 29
44 84 44
44 85 49
44 86 38
44 87 17
44 88 2
44 89 1
44 90 15
44 91 26
44 92 4
44 93 48
44 94 18
44 95 40
44 96 42
44 97 48
44 98 11
44 99 35
45 0 35
45 1 38
45 2 43
45 3 25
45 4 7
45 5 39
45 6 36
45 7 3
45 8 54
45 9 32
45 10 9
45 11 24
45 12 54
45 13 54
45 14 41
45 15 43
45 16 35
45 17 24
45 18 48
45 19 25
45 20 12
45 21 8
45 22 51
45 23 16
45 24 44
45 25 1
45 26 43
45 27 31
45 28 49
45 29 41
45 30 53
45 31 29
45 32 24
45 33 28
45 34 41
45 35 32
45 36 54
45 37 23
45 38 35
45 39 53
45 40 42
45 41 31
45 42 10
45 43 29
45 44 17
45 45 38
45 46 17
45 47 53
45 48 49
45 49 52
45 50 23
45 51 6
45 52 48
45 53 6
45 54 9
45 55 37
45 56 7
45 57 52
45 58 0
45 59 43
45 60 39
45 61 40
45 62 18
45 63 50
45 64 0
45 65 4
45 66 27
45 67 0
45 68 14
45 69 49
45 70 40
45 71 44
45 72 25
45 73 50
45 74 18
45 75 30
45 76 20
45 77 22
45 78 28
45 79 14
45 80 20
45 81 51
45 82 7
45 83 13
45 84 2
45 85 16
45 86 37
45 87 51
45 88 14
45 89 24
45 90 39
45 91 40
45 92 51
45 93 44
45 94 35
45 95 51
45 96 36
45 97 50
45 98 51
45 99 37
46 0 31
46 1 37
46 2 26
46 3 44
46 4 19
46 5 31
46 6 19
46 7 40
46 8 41
46 9 47
46 10 41
46 11 6
46 12 30
46 13 49
46 14 6
46 15 19
46 16 52
46 17 30
46 18 15
46 19 11
46 20 41
46 21 41
46 22 38
46 23 37
46 24 31
46 25 6
46 26 33
46 27 12
46 28 43
46 29 17
46 30 36
46 31 19
46 32 54
46 33 50
46 34 8
46 35 5
46 36 26
46 37 14
46 38 32
46 39 12
46 40 48
46 41 19
46 42 5
46 43 23
46 44 0
46 45 53
46 46 42
46 47 52
46 48 28
46 49 44
46 50 51
46 51 14
46 52 31
46 53 21
46 54 38
46 55 49
46 56 14
46 57 17
46 58 48
46 59 2
46 60 34
46 61 29
46 62 9
46 63 20
46 64 24
46 65 4
46 66 25
46 67 38
46 68 19
46 69 3
46 70 37
46 71 12
46 72 9
46 73 30
46 74 36
46 75 51
46 76 28
46 77 10
46 78 35
46 79 44
46 80 42
46 81 31
46 82 45
46 83 18
46 84 40
46 85 29
46 86 54
46 87 54
46 88 33
46 89 47
46 90 2
46 91 54
46 92 8
46 93 11
46 94 19
46 95 33
46 96 15
46 97 31
46 98 3
46 99 21
47 0 21
47 1 40
47 2 34
47 3 17
47 4 2
47 5 2
47 6 0
47 7 31
47 8 54
47 9 36
47 10 7
47 11 41
47 12 54
47 13 52
47 14 4
47 15 39
47 16 26
47 17 3
47 18 39
47 19 46
47 20 37
47 21 28
47 22 45
47 23 46
47 24 26
47 25 51
47 26 11
47 27 28
47 28 15
47 29 14
47 30 50
47 31 36
47 32 41
47 33 16
47 34 41
47 35 44
47 36 18
47 37 41
47 38 7
47 39 17
47 40 9
47 41 14
47 42 46
47 43 9
47 44 11
47 45 50
47 46 35
47 47 25
47 48 41
47 49 6
47 50 16
47 51 10
47 52 34
47 53 7
47 54 1
47 55 47
47 56 3
47 57 54
47 58 21
47 59 18
47 60 0
47 61 3
47 62 42
47 63 42
47 64 6
47 65 15
47 66 18
47 67 11
47 68 43
47 69 25
47 70 28
47 71 53
47 72 39
47 73 6
47 74 49
47 75 37
47 76 2
47 77 29
47 78 7
47 79 30
47 80 36
47 81 24
47 82 27
47 83 2
47 84 31
47 85 16
47 86 50
47 87 21
47 88 15
47 89 3
47 90 27
47 91 16
47 92 48
47 93 1
47 94 45
47 95 54
47 96 3
47 97 8
47 98 10
47 99 46
48 0 33
48 1 25
48 2 31
48 3 4
48 4 32
48 5 25
48 6 41
48 7 21
48 8 0
48 9 49
48 10 38
48 11 36
48 12 5
48 13 10
48 14 38
48 15 23
48 16 26
48 17 20
48 18 44
48 19 29
48 20 23
48 21 3
48 22 45
48 23 3
48 24 46
48 25 35
48 26 2
48 27 49
48 28 30
48 29 12
48 30 41
48 31 8
48 32 38
48 33 17
48 34 54
48 35 2
48 36 43
48 37 40
48 38 23
48 39 30
48 40 34
48 41 6
48 42 53
48 43 39
48 44 16
48 45 23
48 46 49
48 47 30
48 48 44
48 49 39
48 50 4
48 51 54
48 52 29
48 53 49
48 54 3
48 55 21
48 56 16
48 57 5
48 58 15
48 59 46
48 60 5
48 61 43
48 62 41
48 63 30
48 64 6
48 65 40
48 66 32
48 67 36
48 68 12
48 69 0
48 70 53
48 71 34
48 72 48
48 73 51
48 74 5
48 75 51
48 76 19
48 77 0
48 78 26
48 79 50
48 80 39
48 81 30
48 82 50
48 83 0
48 84 11
48 85 40
48 86 21
48 87 14
48 88 45
48 89 37
48 90 47
48 91 37
48 92 12
48 93 33
48 94 12
48 95 18
48 96 5
48 97 44
48 98 41
48 99 18
49 0 31
49 1 39
49 2 52
49 3 24
49 4 35
49 5 44
49 6 21
49 7 42
49 8 44
49 9 47
49 10 37
49 11 15
49 12 10
49 13 32
49 14 16
49 15 8
49 16 17
49 17 37
49 18 23
49 19 50
49 20 6
49 21 15
49 22 32
49 23 19
49 24 36
49 25 32
49 26 24
49 27 41
49 28 21
49 29 53
49 30 46
49 31 40
49 32 37
49 33 30
49 34 9
49 35 5
49 36 20
49 37 17
49 38 47
49 39 9
49 40 52
49 41 29
49 42 25
49 43 7
49 44 49
49 45 41
49 46 15
49 47 53
49 48 10
49 49 25
49 50 35
49 51 4
49 52 41
49 53 0
49 54 10
49 55 22
49 56 32
49 57 34
49 58 50
49 59 40
49 60 32
49 61 29
49 62 25
49 63 2
49 64 4
49 65 22
49 66 7
49 67 11
49 68 39
49 69 41
49 70 21
49 71 36
49 72 2
49 73 33
49 74 30
49 75 51
49 76 6
49 77 33
49 78 37
49 79 16
49 80 3
49 81 17
49 82 7
49 83 31
49 84 4
49 85 17
49 86 40
49 87 36
49 88 52
49 89 36
49 90 22
49 91 16
49 92 52
49 93 34
49 94 18
49 95 1
49 96 1
49 97 12
49 98 0
49 99 28
50 0 53
50 1 8
50 2 51
50 3 1
50 4 41
50 5 14
50 6 39
50 7 47
50 8 47
50 9 21
50 10 50
50 11 37
50 12 26
50 13 45
50 14 14
50 15 30
50 16 7
50 17 54
50 18 12
50 19 4
50 20 22
50 21 21
50 22 8
50 23 19
50 24 0
50 25 26
50 26 8
50 27 44
50 28 26
50 29 8
50 30 17
50 31 24
50 32 16
50 33 13
50 34 25
50 35 44
50 36 27
50 37 10
50 38 23
50 39 6
50 40 18
50 41 5
50 42 44
50 43 44
50 44 50
50 45 45
50 46 7
50 47 3
50 48 31
50 49 19
50 50 49
50 51 41
50 52 27
50 53 2
50 54 5
50 55 14
50 56 16
50 57 0
50 58 3
50 59 42
50 60 8
50 61 20
50 62 53
50 63 11
50 64 21
50 65 11
50 66 0
50 67 35
50 68 8
50 69 23
50 70 42
50 71 26
50 72 29
50 73 18
50 74 3
50 75 24
50 76 50
50 77 10
50 78 27
50 79 26
50 80 16
50 81 9
50 82 12
50 83 43
50 84 11
50 85 5
50 86 44
50 87 14
50 88 5
50 89 48
50 90 43
50 91 1
50 92 0
50 93 42
50 94 12
50 95 8
50 96 53
50 97 13
50 98 44
50 99 6
51 0 23
51 1 18
51 2 19
51 3 39
51 4 36
51 5 9
51 6 9
51 7 18
51 8 19
51 9 23
51 10 44
51 11 22
51 12 32
51 13 44
51 14 52
51 15 31
51 16 49
51 17 42
51 18 32
51 19 41
51 20 35
51 21 21
51 22 42
51 23 22
51 24 50
51 25 42
51 26 31
51 27 48
51 28 42
51 29 20
51 30 41
51 31 10
51 32 25
51 33 47
51 34 50
51 35 6
51 36 2
51 37 46
51 38 11
51 39 8
51 40 1
51 41 0
51 42 31
51 43 34
51 44 31
51 45 15
51 46 52
51 47 12
51 48 2
51 49 29
51 50 41
51 51 24
51 52 37
51 53 28
51 54 47
51 55 32
51 56 2
51 57 10
51 58 12
51 59 44
51 60 30
51 61 40
51 62 42
51 63 0
51 64 33
51 65 24
51 66 48
51 67 22
51 68 15
51 69 4
51 70 17
51 71 16
51 72 46
51 73 35
51 74 37
51 75 10
51 76 51
51 77 21
51 78 22
51 79 40
51 80 51
51 81 50
51 82 10
51 83 33
51 84 24
51 85 44
51 86 53
51 87 13
51 88 54
51 89 10
51 90 3
51 91 16
51 92 51
51 93 32
51 94 3
51 95 16
51 96 1
51 97 38
51 98 25
51 99 3
52 0 29
52 1 42
52 2 6
52 3 7
52 4 23
52 5 44
52 6 17
52 7 19
52 8 52
52 9 27
52 10 46
52 11 48
52 12 22
52 13 1
52 14 14
52 15 33
52 16 32
52 17 12
52 18 47
52 19 18
52 20 9
52 21 37
52 22 34
52 23 5
52 24 1
52 25 24
52 26 8
52 27 2
52 28 7
52 29 33
52 30 47
52 31 36
52 32 21
52 33 53
52 34 44
52 35 31
52 36 29
52 37 6
52 38 37
52 39 27
52 40 20
52 41 28
52 42 7
52 43 43
52 44 17
52 45 8
52 46 8
52 47 49
52 48 20
52 49 0
52 50 0
52 51 17
52 52 24
52 53 34
52 54 9
52 55 25
52 56 46
52 57 18
52 58 14
52 59 53
52 60 38
52 61 6
52 62 35
52 63 46
52 64 47
52 65 11
52 66 22
52 67 8
52 68 4
52 69 46
52 70 35
52 71 25
52 72 20
52 73 30
52 74 0
52 75 37
52 76 38
52 77 8
52 78 18
52 79 46
52 80 51
52 81 18
52 82 8
52 83 7
52 84 40
52 85 4
52 86 33
52 87 31
52 88 22
52 89 47
52 90 29
52 91 6
52 92 41
52 93 51
52 94 39
52 95 33
52 96 49
52 97 7
52 98 28
52 99 54
53 0 53
53 1 51
53 2 11
53 3 5
53 4 26
53 5 11
53 6 42
53 7 51
53 8 6
53 9 48
53 10 29
53 11 44
53 12 11
53 13 24
53 14 52
53 15 51
53 16 29
53 17 17
53 18 14
53 19 51
53 20 51
53 21 44
53 22 44
53 23 37
53 24 27
53 25 29
53 26 2
53 27 22
53 28 23
53 29 31
53 30 8
53 31 8
53 32 27
53 33 19
53 34 14
53 35 40
53 36 17
53 37 43
53 38 36
53 39 10
53 40 23
53 41 11
53 42 0
53 43 35
53 44 35
53 45 39
53 46 18
53 47 9
53 48 1
53 49 33
53 50 48
53 51 39
53 52 9
53 53 24
53 54 9
53 55 23
53 56 40
53 57 11
53 58 32
53 59 8
53 60 29
53 61 40
53 62 4
53 63 43
53 64 4
53 65 18
53 66 15
53 67 21
53 68 48
53 69 39
53 70 19
53 71 17
53 72 37
53 73 6
53 74 39
53 75 4
53 76 45
53 77 44
53 78 14
53 79 33
53 80 9
53 81 49
53 82 17
53 83 5
53 84 5
53 85 26
53 86 29
53 87 46
53 88 25
53 89 6
53 90 54
53 91 41
53 92 47
53 93 45
53 94 17
53 95 38
53 96 50
53 97 32
53 98 47
53 99 44
54 0 3
54 1 11
54 2 48
54 3 40
54 4 17
54 5 32
54 6 45
54 7 7
54 8 8
54 9 46
54 10 27
54 11 18
54 12 40
54 13 31
54 14 23
54 15 45
54 16 3
54 17 52
54 18 36
54 19 15
54 20 46
54 21 23
54 22 43
54 23 25
54 24 0
54 25 5
54 26 8
54 27 51
54 28 25
54 29 0
54 30 27
54 31 28
54 32 53
54 33 20
54 34 14
54 35 15
54 36 39
54 37 46
54 38 9
54 39 47
54 40 37
54 41 36
54 42 10
54 43 22
54 44 0
54 45 21
54 46 54
54 47 45
54 48 5
54 49 23
54 50 5
54 51 51
54 52 33
54 53 35
54 54 21
54 55 33
54 56 41
54 57 17
54 58 16
54 59 53
54 60 4
54 61 43
54 62 13
54 63 3
54 64 8
54 65 14
54 66 18
54 67 34
54 68 5
54 69 15
54 70 14
54 71 42
54 72 38
54 73 24
54 74 51
54 75 38
54 76 32
54 77 38
54 78 28
54 79 38
54 80 6
54 81 20
54 82 34
54 83 26
54 84 1
54 85 43
54 86 46
54 87 29
54 88 5
54 89 8
54 90 27
54 91 9
54 92 51
54 93 40
54 94 12
54 95 47
54 96 42
54 97 18
54 98 26
54 99 47
55 0 33
55 1 40
55 2 35
55 3 3
55 4 52
55 5 31
55 6 42
55 7 29
55 8 14
55 9 15
55 10 54
55 11 7
55 12 23
55 13 34
55 14 20
55 15 24
55 16 9
55 17 12
55 18 53
55 19 14
55 20 7
55 21 12
55 22 10
55 23 3
55 24 39
55 25 10
55 26 37
55 27 26
55 28 15
55 29 51
55 30 19
55 31 35
55 32 23
55 33 41
55 34 38
55 35 7
55 36 17
55 37 25
55 38 37
55 39 19
55 40 28
55 41 36
55 42 13
55 43 51
55 44 2
55 45 34
55 46 7
55 47 11
55 48 33
55 49 47
55 50 12
55 51 40
55 52 4
55 53 10
55 54 30
55 55 43
55 56 20
55 57 0
55 58 2
55 59 35
55 60 51
55 61 8
55 62 2
55 63 19
55 64 49
55 65 40
55 66 27
55 67 53
55 68 53
55 69 51
55 70 4
55 71 13
55 72 19
55 73 18
55 74 51
55 75 9
55 76 39
55 77 3
55 78 7
55 79 4
55 80 50
55 81 20
55 82 31
55 83 41
55 84 30
55 85 48
55 86 16
55 87 37
55 88 48
55 89 18
55 90 4
55 91 44
55 92 26
55 93 6
55 94 51
55 95 7
55 96 33
55 97 10
55 98 6
55 99 31
56 0 48
56 1 10
56 2 44
56 3 54
56 4 15
56 5 27
56 6 8
56 7 54
56 8 30
56 9 16
56 10 3
56 11 12
56 12 23
56 13 21
56 14 53
56 15 40
56 16 15
56 17 2
56 18 22
56 19 8
56 20 20
56 21 26
56 22 40
56 23 34
56 24 19
56 25 23
56 26 41
56 27 52
56 28 33
56 29 34
56 30 16
56 31 13
56 32 45
56 33 47
56 34 12
56 35 5
56 36 20
56 37 21
56 38 47
56 39 37
56 40 24
56 41 37
56 42 37
56 43 34
56 44 4
56 45 22
56 46 19
56 47 19
56 48 24
56 49 28
56 50 27
56 51 32
56 52 41
56 53 12
56 54 11
56 55 5
56 56 35
56 57 39
56 58 44
56 59 0
56 60 19
56 61 5
56 62 13
56 63 9
56 64 53
56 65 13
56 66 1
56 67 5
56 68 34
56 69 48
56 70 42
56 71 45
56 72 31
56 73 24
56 74 24
56 75 22
56 76 47
56 77 30
56 78 41
56 79 16
56 80 3
56 81 13
56 82 35
56 83 44
56 84 13
56 85 46
56 86 49
56 87 35
56 88 18
56 89 25
56 90 23
56 91 37
56 92 31
56 93 23
56 94 33
56 95 29
56 96 36
56 97 21
56 98 34
56 99 2
57 0 15
57 1 8
57 2 47
57 3 33
57 4 33
57 5 3
57 6 0
57 7 12
57 8 33
57 9 28
57 10 15
57 11 23
57 12 28
57 13 51
57 14 12
57 15 41
57 16 29
57 17 48
57 18 9
57 19 47
57 20 19
57 21 32
57 22 29
57 23 37
57 24 42
57 25 49
57 26 11
57 27 24
57 28 16
57 29 32
57 30 26
57 31 18
57 32 27
57 33 6
57 34 38
57 35 47
57 36 9
57 37 25
57 38 4
57 39 30
57 40 53
57 41 7
57 42 40
57 43 13
57 44 45
57 45 53
57 46 0
57 47 19
57 48 33
57 49 51
57 50 12
57 51 39
57 52 15
57 53 28
57 54 21
57 55 2
57 56 10
57 57 19
57 58 26
57 59 13
57 60 38
57 61 53
57 62 31
57 63 11
57 64 46
57 65 1
57 66 3
57 67 42
57 68 26
57 69 50
57 70 4
57 71 11
57 72 2
57 73 45
57 74 24
57 75 47
57 76 30
57 77 11
57 78 53
57 79 8
57 80 49
57 81 10
57 82 48
57 83 9
57 84 26
57 85 14
57 86 12
57 87 23
57 88 21
57 89 25
57 90 36
57 91 4
57 92 10
57 93 12
57 94 15
57 95 1
57 96 0
57 97 19
57 98 44
57 99 13
58 0 1
58 1 48
58 2 11
58 3 3
58 4 38
58 5 22
58 6 37
58 7 13
58 8 34
58 9 35
58 10 9
58 11 28
58 12 33
58 13 44
58 14 25
58 15 46
58 16 45
58 17 24
58 18 14
58 19 11
58 20 49
58 21 50
58 22 16
58 23 5
58 24 49
58 25 31
58 26 48
58 27 49
58 28 37
58 29 24
58 30 49
58 31 38
58 32 18
58 33 5
58 34 28
58 35 43
58 36 27
58 37 10
58 38 44
58 39 48
58 40 33
58 41 40
58 42 22
58 43 53
58 44 29
58 45 34
58 46 44
58 47 19
58 48 3
58 49 45
58 50 31
58 51 52
58 52 27
58 53 47
58 54 44
58 55 21
58 56 10
58 57 38
58 58 2
58 59 48
58 60 49
58 61 51
58 62 31
58 63 12
58 64 43
58 65 5
58 66 43
58 67 15
58 68 2
58 69 19
58 70 9
58 71 22
58 72 4
58 73 18
58 74 20
58 75 20
58 76 52
58 77 51
58 78 39
58 79 42
58 80 41
58 81 2
58 82 39
58 83 13
58 84 36
58 85 16
58 86 21
58 87 47
58 88 41
58 89 10
58 90 40
58 91 35
58 92 48
58 93 3
58 94 35
58 95 36
58 96 50
58 97 10
58 98 39
58 99 40
59 0 29
59 1 48
59 2 7
59 3 20
59 4 53
59 5 15
59 6 40
59 7 50
59 8 11
59 9 11
59 10 37
59 11 53
59 12 1
59 13 8
59 14 53
59 15 37
59 16 11
59 17 7
59 18 29
59 19 52
59 20 17
59 21 1
59 22 20
59 23 11
59 24 47
59 25 0
59 26 34
59 27 42
59 28 10
59 29 18
59 30 14
59 31 26
59 32 53
59 33 22
59 34 33
59 35 51
59 36 37
59 37 5
59 38 33
59 39 35
59 40 3
59 41 2
59 42 33
59 43 4
59 44 11
59 45 19
59 46 42
59 47 22
59 48 26
59 49 3
59 50 7
59 51 30
59 52 5
59 53 27
59 54 28
59 55 52
59 56 14
59 57 50
59 58 26
59 59 11
59 60 13
59 61 41
59 62 37
59 63 12
59 64 50
59 65 15
59 66 50
59 67 19
59 68 7
59 69 29
59 70 54
59 71 10
59 72 31
59 73 20
59 74 15
59 75 29
59 76 26
59 77 44
59 78 39
59 79 39
59 80 47
59 81 46
59 82 14
59 83 52
59 84 5
59 85 30
59 86 36
59 87 19
59 88 25
59 89 50
59 90 30
59 91 25
59 92 23
59 93 54
59 94 37
59 95 18
59 96 1
59 97 20
59 98 37
59 99 8
60 0 49
60 1 23
60 2 18
60 3 25
60 4 43
60 5 20
60 6 42
60 7 1
60 8 9
60 9 26
60 10 40
60 11 2
60 12 17
60 13 0
60 14 41
60 15 22
60 16 17
60 17 10
60 18 28
60 19 42
60 20 5
60 21 3
60 22 12
60 23 28
60 24 44
60 25 37
60 26 33
60 27 45
60 28 2
60 29 2
60 30 40
60 31 38
60 32 25
60 33 3
60 34 50
60 35 1
60 36 11
60 37 37
60 38 2
60 39 20
60 40 8
60 41 43
60 42 22
60 43 12
60 44 30
60 45 51
60 46 21
60 47 47
60 48 6
60 49 49
60 50 21
60 51 11
60 52 39
60 53 20
60 54 26
60 55 28
60 56 44
60 57 4
60 58 5
60 59 33
60 60 6
60 61 45
60 62 16
60 63 31
60 64 36
60 65 54
60 66 19
60 67 47
60 68 36
60 69 22
60 70 12
60 71 32
60 72 52
60 73 22
60 74 44
60 75 14
60 76 18
60 77 11
60 78 6
60 79 24
60 80 5
60 81 14
60 82 22
60 83 32
60 84 34
60 85 48
60 86 5
60 87 24
60 88 52
60 89 53
60 90 2
60 91 3
60 92 43
60 93 6
60 94 21
60 95 11
60 96 5
60 97 41
60 98 3
60 99 41
61 0 50
61 1 3
61 2 18
61 3 47
61 4 25
61 5 50
61 6 48
61 7 43
61 8 6
61 9 41
61 10 54
61 11 53
61 12 0
61 13 21
61 14 30
61 15 21
61 16 14
61 17 23
61 18 45
61 19 53
61 20 21
61 21 35
61 22 1
61 23 51
61 24 28
61 25 9
61 26 8
61 27 33
61 28 50
61 29 11
61 30 6
61 31 32
61 32 14
61 33 12
61 34 11
61 35 26
61 36 7
61 37 4
61 38 1
61 39 0
61 40 45
61 41 0
61 42 53
61 43 45
61 44 8
61 45 29
61 46 54
61 47 9
61 48 39
61 49 31
61 50 7
61 51 5
61 52 11
61 53 50
61 54 43
61 55 39
61 56 5
61 57 51
61 58 4
61 59 42
61 60 50
61 61 11
61 62 7
61 63 51
61 64 23
61 65 18
61 66 23
61 67 17
61 68 23
61 69 11
61 70 17
61 71 0
61 72 12
61 73 15
61 74 33
61 75 7
61 76 31
61 77 32
61 78 4
61 79 15
61 80 8
61 81 11
61 82 7
61 83 7
61 84 49
61 85 51
61 86 33
61 87 41
61 88 34
61 89 38
61 90 15
61 91 29
61 92 49
61 93 22
61 94 26
61 95 4
61 96 41
61 97 36
61 98 21
61 99 51
62 0 34
62 1 38
62 2 51
62 3 33
62 4 53
62 5 16
62 6 41
62 7 17
62 8 48
62 9 45
62 10 32
62 11 44
62 12 43
62 13 27
62 14 51
62 15 37
62 16 23
62 17 29
62 18 10
62 19 2
62 20 12
62 21 26
62 22 19
62 23 48
62 24 48
62 25 32
62 26 52
62 27 21
62 28 0
62 29 5
62 30 17
62 31 34
62 32 43
62 33 1
62 34 13
62 35 29
62 36 17
62 37 54
62 38 46
62 39 53
62 40 31
62 41 10
62 42 42
62 43 19
62 44 24
62 45 25
62 46 44
62 47 47
62 48 54
62 49 54
62 50 37
62 51 54
62 52 25
62 53 1
62 54 34
62 55 6
62 56 20
62 57 19
62 58 27
62 59 20
62 60 24
62 61 32
62 62 54
62 63 0
62 64 20
62 65 12
62 66 29
62 67 24
62 68 53
62 69 7
62 70 22
62 71 29
62 72 4
62 73 51
62 74 36
62 75 29
62 76 21
62 77 25
62 78 8
62 79 8
62 80 11
62 81 45
62 82 7
62 83 24
62 84 33
62 85 41
62 86 30
62 87 53
62 88 5
62 89 44
62 90 18
62 91 17
62 92 21
62 93 5
62 94 17
62 95 41
62 96 17
62 97 46
62 98 53
62 99 3
63 0 40
63 1 20
63 2 32
63 3 31
63 4 4
63 5 0
63 6 5
63 7 25
63 8 25
63 9 1
63 10 33
63 11 37
63 12 33
63 13 27
63 14 6
63 15 12
63 16 14
63 17 23
63 18 52
63 19 6
63 20 12
63 21 3
63 22 23
63 23 34
63 24 8
63 25 40
63 26 7
63 27 12
63 28 18
63 29 47
63 30 15
63 31 45
63 32 13
63 33 35
63 34 9
63 35 17
63 36 35
63 37 1
63 38 29
63 39 6
63 40 2
63 41 50
63 42 30
63 43 36
63 44 22
63 45 23
63 46 35
63 47 36
63 48 46
63 49 32
63 50 30
63 51 45
63 52 35
63 53 40
63 54 11
63 55 43
63 56 13
63 57 6
63 58 1
63 59 18
63 60 53
63 61 16
63 62 51
63 63 11
63 64 38
63 65 5
63 66 15
63 67 19
63 68 6
63 69 32
63 70 12
63 71 9
63 72 27
63 73 42
63 74 45
63 75 49
63 76 52
63 77 25
63 78 18
63 79 30
63 80 44
63 81 35
63 82 20
63 83 25
63 84 20
63 85 32
63 86 0
63 87 33
63 88 38
63 89 1
63 90 39
63 91 36
63 92 5
63 93 35
63 94 35
63 95 43
63 96 40
63 97 37
63 98 49
63 99 46
64 0 14
64 1 6
64 2 42
64 3 28
64 4 48
64 5 19
64 6 23
64 7 32
64 8 31
64 9 28
64 10 7
64 11 21
64 12 8
64 13 28
64 14 46
64 15 15
64 16 5
64 17 33
64 18 36
64 19 43
64 20 35
64 21 20
64 22 11
64 23 27
64 24 0
64 25 46
64 26 2
64 27 27
64 28 16
64 29 52
64 30 5
64 31 30
64 32 3
64 33 48
64 34 46
64 35 39
64 36 12
64 37 14
64 38 16
64 39 44
64 40 29
64 41 24
64 42 52
64 43 24
64 44 52
64 45 30
64 46 39
64 47 44
64 48 8
64 49 20
64 50 19
64 51 30
64 52 27
64 53 30
64 54 2
64 55 27
64 56 9
64 57 47
64 58 41
64 59 25
64 60 44
64 61 47
64 62 42
64 63 34
64 64 40
64 65 33
64 66 18
64 67 39
64 68 34
64 69 22
64 70 15
64 71 8
64 72 33
64 73 12
64 74 32
64 75 17
64 76 42
64 77 4
64 78 6
64 79 51
64 80 24
64 81 12
64 82 26
64 83 39
64 84 42
64 85 16
64 86 53
64 87 38
64 88 8
64 89 40
64 90 8
64 91 39
64 92 32
64 93 38
64 94 18
64 95 4
64 96 16
64 97 24
64 98 43
64 99 51
65 0 46
65 1 46
65 2 46
65 3 24
65 4 3
65 5 11
65 6 28
65 7 33
65 8 15
65 9 34
65 10 16
65 11 26
65 12 33
65 13 29
65 14 10
65 15 20
65 16 45
65 17 9
65 18 46
65 19 40
65 20 49
65 21 41
65 22 24
65 23 13
65 24 24
65 25 30
65 26 17
65 27 41
65 28 54
65 29 47
65 30 24
65 31 32
65 32 38
65 33 15
65 34 43
65 35 29
65 36 13
65 37 16
65 38 7
65 39 28
65 40 37
65 41 23
65 42 0
65 43 15
65 44 52
65 45 52
65 46 22
65 47 30
65 48 6
65 49 13
65 50 15
65 51 42
65 52 42
65 53 27
65 54 0
65 55 11
65 56 2
65 57 4
65 58 39
65 59 43
65 60 52
65 61 50
65 62 7
65 63 22
65 64 53
65 65 50
65 66 51
65 67 11
65 68 53
65 69 45
65 70 40
65 71 35
65 72 0
65 73 27
65 74 37
65 75 53
65 76 24
65 77 4
65 78 15
65 79 31
65 80 5
65 81 17
65 82 18
65 83 47
65 84 31
65 85 6
65 86 45
65 87 20
65 88 10
65 89 30
65 90 8
65 91 49
65 92 12
65 93 15
65 94 17
65 95 10
65 96 52
65 97 0
65 98 22
65 99 50
66 0 46
66 1 49
66 2 17
66 3 46
66 4 21
66 5 54
66 6 31
66 7 45
66 8 4
66 9 33
66 10 8
66 11 51
66 12 51
66 13 14
66 14 43
66 15 14
66 16 20
66 17 33
66 18 35
66 19 30
66 20 50
66 21 30
66 22 25
66 23 8
66 24 46
66 25 42
66 26 5
66 27 30
66 28 29
66 29 27
66 30 26
66 31 7
66 32 8
66 33 30
66 34 41
66 35 29
66 36 30
66 37 17
66 38 7
66 39 21
66 40 38
66 41 2
66 42 17
66 43 21
66 44 16
66 45 47
66 46 35
66 47 36
66 48 25
66 49 15
66 50 12
66 51 8
66 52 46
66 53 37
66 54 3
66 55 24
66 56 11
66 57 8
66 58 54
66 59 27
66 60 23
66 61 12
66 62 35
66 63 31
66 64 30
66 65 21
66 66 48
66 67 5
66 68 25
66 69 42
66 70 26
66 71 8
66 72 44
66 73 30
66 74 29
66 75 6
66 76 22
66 77 52
66 78 42
66 79 47
66 80 12
66 81 41
66 82 42
66 83 45
66 84 10
66 85 45
66 86 1
66 87 8
66 88 41
66 89 43
66 90 36
66 91 9
66 92 0
66 93 16
66 94 27
66 95 30
66 96 37
66 97 7
66 98 22
66 99 49
67 0 49
67 1 35
67 2 3
67 3 39
67 4 10
67 5 19
67 6 32
67 7 32
67 8 16
67 9 19
67 10 12
67 11 16
67 12 48
67 13 41
67 14 48
67 15 3
67 16 32
67 17 50
67 18 12
67 19 5
67 20 38
67 21 48
67 22 14
67 23 25
67 24 51
67 25 28
67 26 43
67 27 20
67 28 36
67 29 10
67 30 14
67 31 17
67 32 46
67 33 4
67 34 1
67 35 43
67 36 24
67 37 20
67 38 8
67 39 27
67 40 40
67 41 20
67 42 30
67 43 20
67 44 6
67 45 24
67 46 23
67 47 25
67 48 19
67 49 22
67 50 30
67 51 2
67 52 15
67 53 31
67 54 27
67 55 53
67 56 47
67 57 15
67 58 18
67 59 28
67 60 13
67 61 33
67 62 45
67 63 46
67 64 24
67 65 34
67 66 34
67 67 48
67 68 54
67 69 42
67 70 8
67 71 26
67 72 49
67 73 38
67 74 46
67 75 43
67 76 49
67 77 2
67 78 13
67 79 13
67 80 24
67 81 31
67 82 2
67 83 27
67 84 49
67 85 17
67 86 25
67 87 41
67 88 19
67 89 44
67 90 14
67 91 32
67 92 9
67 93 47
67 94 23
67 95 33
67 96 13
67 97 45
67 98 14
67 99 54
68 0 19
68 1 22
68 2 26
68 3 14
68 4 47
68 5 4
68 6 2
68 7 42
68 8 6
68 9 2
68 10 42
68 11 18
68 12 20
68 13 45
68 14 45
68 15 15
68 16 7
68 17 15
68 18 1
68 19 26
68 20 46
68 21 3
68 22 46
68 23 0
68 24 37
68 25 1
68 26 21
68 27 50
68 28 33
68 29 35
68 30 49
68 31 53
68 32 44
68 33 7
68 34 54
68 35 23
68 36 12
68 37 43
68 38 10
68 39 5
68 40 32
68 41 40
68 42 23
68 43 53
68 44 17
68 45 0
68 46 13
68 47 24
68 48 3
68 49 1
68 50 37
68 51 49
68 52 4
68 53 15
68 54 50
68 55 41
68 56 4
68 57 16
68 58 23
68 59 37
68 60 38
68 61 18
68 62 35
68 63 27
68 64 12
68 65 21
68 66 50
68 67 11
68 68 9
68 69 48
68 70 17
68 71 42
68 72 20
68 73 27
68 74 40
68 75 37
68 76 15
68 77 40
68 78 48
68 79 18
68 80 41
68 81 17
68 82 12
68 83 33
68 84 33
68 85 49
68 86 6
68 87 37
68 88 52
68 89 30
68 90 6
68 91 35
68 92 35
68 93 42
68 94 49
68 95 47
68 96 50
68 97 32
68 98 4
68 99 5
69 0 12
69 1 8
69 2 47
69 3 32
69 4 22
69 5 19
69 6 1
69 7 37
69 8 46
69 9 49
69 10 0
69 11 32
69 12 53
69 13 0
69 14 52
69 15 31
69 16 49
69 17 4
69 18 0
69 19 34
69 20 34
69 21 7
69 22 14
69 23 14
69 24 36
69 25 51
69 26 48
69 27 31
69 28 15
69 29 52
69 30 23
69 31 27
69 32 47
69 33 2
69 34 46
69 35 15
69 36 8
69 37 34
69 38 52
69 39 54
69 40 28
69 41 40
69 42 19
69 43 26
69 44 40
69 45 16
69 46 45
69 47 21
69 48 7
69 49 32
69 50 0
69 51 41
69 52 26
69 53 2
69 54 42
69 55 49
69 56 53
69 57 36
69 58 13
69 59 0
69 60 20
69 61 36
69 62 14
69 63 13
69 64 26
69 65 5
69 66 15
69 67 34
69 68 26
69 69 12
69 70 34
69 71 54
69 72 39
69 73 53
69 74 12
69 75 11
69 76 1
69 77 44
69 78 33
69 79 9
69 80 22
69 81 33
69 82 37
69 83 35
69 84 22
69 85 25
69 86 30
69 87 7
69 88 48
69 89 43
69 90 7
69 91 0
69 92 11
69 93 21
69 94 0
69 95 37
69 96 13
69 97 15
69 98 17
69 99 39
70 0 15
70 1 51
70 2 25
70 3 54
70 4 36
70 5 25
70 6 11
70 7 24
70 8 14
70 9 31
70 10 33
70 11 23
70 12 51
70 13 3
70 14 4
70 15 19
70 16 28
70 17 21
70 18 26
70 19 8
70 20 9
70 21 21
70 22 8
70 23 20
70 24 42
70 25 9
70 26 45
70 27 43
70 28 24
70 29 7
70 30 27
70 31 26
70 32 45
70 33 40
70 34 26
70 35 13
70 36 10
70 37 24
70 38 37
70 39 11
70 40 0
70 41 3
70 42 35
70 43 51
70 44 48
70 45 26
70 46 15
70 47 21
70 48 47
70 49 29
70 50 16
70 51 43
70 52 50
70 53 11
70 54 50
70 55 24
70 56 7
70 57 40
70 58 12
70 59 19
70 60 34
70 61 27
70 62 45
70 63 11
70 64 12
70 65 16
70 66 24
70 67 9
70 68 40
70 69 49
70 70 20
70 71 27
70 72 39
70 73 42
70 74 24
70 75 32
70 76 0
70 77 39
70 78 40
70 79 34
70 80 13
70 81 43
70 82 22
70 83 50
70 84 54
70 85 5
70 86 20
70 87 7
70 88 45
70 89 32
70 90 13
70 91 12
70 92 46
70 93 3
70 94 23
70 95 3
70 96 7
70 97 35
70 98 54
70 99 34
71 0 29
71 1 7
71 2 7
71 3 0
71 4 49
71 5 31
71 6 32
71 7 37
71 8 2
71 9 4
71 10 16
71 11 3
71 12 47
71 13 26
71 14 53
71 15 46
71 16 31
71 17 5
71 18 40
71 19 8
71 20 38
71 21 53
71 22 20
71 23 29
71 24 2
71 25 31
71 26 20
71 27 51
71 28 11
71 29 6
71 30 30
71 31 27
71 32 13
71 33 37
71 34 27
71 35 50
71 36 0
71 37 4
71 38 32
71 39 3
71 40 8
71 41 35
71 42 6
71 43 0
71 44 6
71 45 46
71 46 33
71 47 37
71 48 52
71 49 19
71 50 46
71 51 22
71 52 4
71 53 53
71 54 38
71 55 48
71 56 29
71 57 45
71 58 44
71 59 27
71 60 52
71 61 20
71 62 54
71 63 52
71 64 44
71 65 26
71 66 47
71 67 45
71 68 17
71 69 11
71 70 48
71 71 12
71 72 47
71 73 41
71 74 54
71 75 40
71 76 19
71 77 33
71 78 23
71 79 16
71 80 39
71 81 1
71 82 25
71 83 43
71 84 41
71 85 9
71 86 37
71 87 3
71 88 41
71 89 13
71 90 30
71 91 38
71 92 33
71 93 30
71 94 36
71 95 23
71 96 1
71 97 15
71 98 13
71 99 19
72 0 14
72 1 48
72 2 18
72 3 6
72 4 34
72 5 18
72 6 46
72 7 40
72 8 51
72 9 1
72 10 44
72 11 35
72 12 44
72 13 14
72 14 10
72 15 18
72 16 10
72 17 34
72 18 21
72 19 52
72 20 48
72 21 38
72 22 22
72 23 13
72 24 13
72 25 45
72 26 36
72 27 2
72 28 6
72 29 36
72 30 8
72 31 20
72 32 29
72 33 26
72 34 13
72 35 50
72 36 44
72 37 46
72 38 23
72 39 40
72 40 35
72 41 12
72 42 7
72 43 11
72 44 26
72 45 5
72 46 29
72 47 24
72 48 26
72 49 37
72 50 8
72 51 19
72 52 21
72 53 30
72 54 20
72 55 34
72 56 21
72 57 1
72 58 23
72 59 14
72 60 25
72 61 31
72 62 21
72 63 41
72 64 3
72 65 21
72 66 24
72 67 34
72 68 54
72 69 47
72 70 7
72 71 34
72 72 4
72 73 1
72 74 33
72 75 17
72 76 6
72 77 49
72 78 28
72 79 33
72 80 32
72 81 36
72 82 39
72 83 53
72 84 12
72 85 4
72 86 19
72 87 20
72 88 48
72 89 30
72 90 21
72 91 5
72 92 6
72 93 29
72 94 46
72 95 51
72 96 37
72 97 2
72 98 31
72 99 36
73 0 36
73 1 25
73 2 3
73 3 27
73 4 26
73 5 36
73 6 45
73 7 20
73 8 17
73 9 5
73 10 40
73 11 49
73 12 42
73 13 24
73 14 34
73 15 41
73 16 16
73 17 41
73 18 6
73 19 51
73 20 16
73 21 14
73 22 1
73 23 9
73 24 43
73 25 34
73 26 6
73 27 25
73 28 37
73 29 24
73 30 48
73 31 18
73 32 49
73 33 51
73 34 46
73 35 7
73 36 19
73 37 23
73 38 27
73 39 37
73 40 28
73 41 12
73 42 18
73 43 2
73 44 37
73 45 53
73 46 43
73 47 40
73 48 26
73 49 49
73 50 36
73 51 42
73 52 50
73 53 24
73 54 51
73 55 38
73 56 3
73 57 44
73 58 50
73 59 27
73 60 0
73 61 44
73 62 46
73 63 36
73 64 27
73 65 24
73 66 44
73 67 47
73 68 34
73 69 16
73 70 16
73 71 7
73 72 16
73 73 34
73 74 52
73 75 40
73 76 32
73 77 40
73 78 25
73 79 3
73 80 22
73 81 48
73 82 32
73 83 17
73 84 17
73 85 16
73 86 43
73 87 7
73 88 47
73 89 38
73 90 35
73 91 48
73 92 14
73 93 13
73 94 16
73 95 29
73 96 37
73 97 5
73 98 21
73 99 16
74 0 9
74 1 24
74 2 10
74 3 25
74 4 3
74 5 7
74 6 10
74 7 23
74 8 48
74 9 22
74 10 13
74 11 2
74 12 15
74 13 46
74 14 19
74 15 19
74 16 49
74 17 49
74 18 26
74 19 41
74 20 20
74 21 6
74 22 34
74 23 34
74 24 19
74 25 51
74 26 8
74 27 1
74 28 43
74 29 16
74 30 4
74 31 39
74 32 40
74 33 2
74 34 9
74 35 31
74 36 51
74 37 6
74 38 54
74 39 31
74 40 28
74 41 12
74 42 33
74 43 30
74 44 45
74 45 53
74 46 49
74 47 39
74 48 47
74 49 21
74 50 26
74 51 12
74 52 27
74 53 47
74 54 34
74 55 34
74 56 30
74 57 29
74 58 22
74 59 6
74 60 33
74 61 27
74 62 45
74 63 5
74 64 16
74 65 0
74 66 36
74 67 12
74 68 48
74 69 22
74 70 44
74 71 9
74 72 35
74 73 22
74 74 39
74 75 12
74 76 7
74 77 21
74 78 52
74 79 42
74 80 42
74 81 23
74 82 54
74 83 1
74 84 2
74 85 20
74 86 35
74 87 33
74 88 37
74 89 45
74 90 39
74 91 15
74 92 17
74 93 29
74 94 20
74 95 20
74 96 16
74 97 44
74 98 32
74 99 52
75 0 11
75 1 21
75 2 6
75 3 33
75 4 44
75 5 32
75 6 46
75 7 51
75 8 53
75 9 30
75 10 38
75 11 40
75 12 40
75 13 25
75 14 29
75 15 42
75 16 32
75 17 51
75 18 7
75 19 14
75 20 41
75 21 33
75 22 29
75 23 45
75 24 50
75 25 37
75 26 10
75 27 11
75 28 26
75 29 43
75 30 50
75 31 24
75 32 51
75 33 1
75 34 3
75 35 40
75 36 34
75 37 36
75 38 24
75 39 32
75 40 53
75 41 49
75 42 5
75 43 38
75 44 6
75 45 21
75 46 25
75 47 39
75 48 17
75 49 20
75 50 53
75 51 46
75 52 53
75 53 15
75 54 36
75 55 48
75 56 39
75 57 34
75 58 47
75 59 10
75 60 9
75 61 42
75 62 21
75 63 5
75 64 44
75 65 11
75 66 46
75 67 10
75 68 34
75 69 2
75 70 29
75 71 32
75 72 51
75 73 34
75 74 15
75 75 45
75 76 0
75 77 28
75 78 29
75 79 5
75 80 48
75 81 14
75 82 51
75 83 33
75 84 16
75 85 32
75 86 27
75 87 0
75 88 53
75 89 6
75 90 52
75 91 7
75 92 48
75 93 6
75 94 13
75 95 24
75 96 17
75 97 46
75 98 21
75 99 52
76 0 48
76 1 51
76 2 29
76 3 31
76 4 30
76 5 32
76 6 21
76 7 18
76 8 47
76 9 37
76 10 23
76 11 40
76 12 39
76 13 19
76 14 5
76 15 42
76 16 38
76 17 19
76 18 43
76 19 37
76 20 25
76 21 27
76 22 31
76 23 19
76 24 33
76 25 44
76 26 30
76 27 38
76 28 35
76 29 52
76 30 35
76 31 15
76 32 48
76 33 51
76 34 47
76 35 10
76 36 15
76 37 0
76 38 28
76 39 7
76 40 25
76 41 38
76 42 34
76 43 51
76 44 2
76 45 40
76 46 38
76 47 28
76 48 4
76 49 13
76 50 52
76 51 30
76 52 41
76 53 28
76 54 36
76 55 6
76 56 18
76 57 53
76 58 44
76 59 40
76 60 50
76 61 11
76 62 1
76 63 30
76 64 50
76 65 35
76 66 41
76 67 10
76 68 22
76 69 1
76 70 18
76 71 47
76 72 40
76 73 39
76 74 30
76 75 42
76 76 24
76 77 14
76 78 2
76 79 16
76 80 27
76 81 54
76 82 33
76 83 0
76 84 28
76 85 14
76 86 7
76 87 33
76 88 12
76 89 38
76 90 18
76 91 50
76 92 50
76 93 19
76 94 25
76 95 32
76 96 54
76 97 11
76 98 42
76 99 22
77 0 13
77 1 47
77 2 1
77 3 40
77 4 19
77 5 32
77 6 27
77 7 43
77 8 33
77 9 17
77 10 46
77 11 5
77 12 16
77 13 24
77 14 48
77 15 31
77 16 38
77 17 42
77 18 9
77 19 38
77 20 12
77 21 28
77 22 20
77 23 49
77 24 34
77 25 45
77 26 26
77 27 21
77 28 44
77 29 1
77 30 43
77 31 44
77 32 48
77 33 31
77 34 29
77 35 54
77 36 50
77 37 43
77 38 43
77 39 28
77 40 5
77 41 34
77 42 21
77 43 9
77 44 46
77 45 14
77 46 40
77 47 29
77 48 43
77 49 50
77 50 54
77 51 0
77 52 10
77 53 19
77 54 50
77 55 44
77 56 52
77 57 21
77 58 10
77 59 41
77 60 22
77 61 40
77 62 17
77 63 3
77 64 4
77 65 46
77 66 2
77 67 54
77 68 21
77 69 32
77 70 28
77 71 27
77 72 54
77 73 36
77 74 23
77 75 45
77 76 37
77 77 8
77 78 6
77 79 25
77 80 45
77 81 48
77 82 12
77 83 0
77 84 54
77 85 7
77 86 45
77 87 51
77 88 16
77 89 42
77 90 24
77 91 25
77 92 28
77 93 41
77 94 15
77 95 32
77 96 19
77 97 5
77 98 18
77 99 41
78 0 24
78 1 33
78 2 0
78 3 23
78 4 14
78 5 23
78 6 0
78 7 51
78 8 18
78 9 49
78 10 8
78 11 9
78 12 29
78 13 8
78 14 9
78 15 28
78 16 15
78 17 41
78 18 25
78 19 18
78 20 29
78 21 36
78 22 31
78 23 44
78 24 23
78 25 46
78 26 8
78 27 29
78 28 38
78 29 13
78 30 15
78 31 8
78 32 47
78 33 2
78 34 18
78 35 48
78 36 12
78 37 6
78 38 32
78 39 31
78 40 0
78 41 40
78 42 40
78 43 29
78 44 48
78 45 36
78 46 44
78 47 51
78 48 10
78 49 14
78 50 1
78 51 39
78 52 51
78 53 32
78 54 15
78 55 6
78 56 11
78 57 10
78 58 35
78 59 49
78 60 23
78 61 38
78 62 2
78 63 15
78 64 27
78 65 21
78 66 9
78 67 40
78 68 27
78 69 41
78 70 3
78 71 14
78 72 13
78 73 30
78 74 30
78 75 49
78 76 11
78 77 19
78 78 32
78 79 8
78 80 21
78 81 33
78 82 47
78 83 4
78 84 11
78 85 49
78 86 52
78 87 22
78 88 4
78 89 32
78 90 16
78 91 28
78 92 2
78 93 6
78 94 43
78 95 30
78 96 14
78 97 39
78 98 2
78 99 28
79 0 12
79 1 5
79 2 42
79 3 26
79 4 35
79 5 4
79 6 7
79 7 33
79 8 23
79 9 39
79 10 42
79 11 31
79 12 17
79 13 21
79 14 35
79 15 15
79 16 16
79 17 19
79 18 24
79 19 7
79 20 52
79 21 28
79 22 35
79 23 41
79 24 34
79 25 11
79 26 3
79 27 35
79 28 37
79 29 5
79 30 8
79 31 50
79 32 10
79 33 37
79 34 8
79 35 32
79 36 41
79 37 15
79 38 53
79 39 51
79 40 41
79 41 27
79 42 15
79 43 45
79 44 35
79 45 37
79 46 6
79 47 38
79 48 2
79 49 30
79 50 46
79 51 41
79 52 45
79 53 13
79 54 27
79 55 11
79 56 24
79 57 31
79 58 46
79 59 49
79 60 36
79 61 54
79 62 44
79 63 34
79 64 36
79 65 39
79 66 53
79 67 9
79 68 54
79 69 38
79 70 48
79 71 40
79 72 10
79 73 8
79 74 30
79 75 33
79 76 32
79 77 23
79 78 16
79 79 34
79 80 41
79 81 7
79 82 20
79 83 31
79 84 8
79 85 48
79 86 43
79 87 19
79 88 11
79 89 34
79 90 13
79 91 47
79 92 21
79 93 2
79 94 13
79 95 44
79 96 28
79 97 54
79 98 41
79 99 27
80 0 37
80 1 21
80 2 54
80 3 35
80 4 16
80 5 17
80 6 13
80 7 48
80 8 27
80 9 29
80 10 28
80 11 13
80 12 24
80 13 48
80 14 32
80 15 19
80 16 28
80 17 7
80 18 38
80 19 39
80 20 28
80 21 52
80 22 19
80 23 36
80 24 41
80 25 19
80 26 26
80 27 15
80 28 18
80 29 54
80 30 29
80 31 1
80 32 20
80 33 16
80 34 36
80 35 36
80 36 33
80 37 36
80 38 29
80 39 47
80 40 52
80 41 2
80 42 48
80 43 21
80 44 38
80 45 25
80 46 40
80 47 11
80 48 19
80 49 11
80 50 38
80 51 47
80 52 8
80 53 44
80 54 16
80 55 36
80 56 8
80 57 42
80 58 51
80 59 27
80 60 41
80 61 13
80 62 28
80 63 6
80 64 29
80 65 51
80 66 42
80 67 49
80 68 19
80 69 3
80 70 41
80 71 16
80 72 6
80 73 34
80 74 25
80 75 31
80 76 46
80 77 52
80 78 29
80 79 52
80 80 8
80 81 12
80 82 32
80 83 3
80 84 1
80 85 48
80 86 40
80 87 10
80 88 22
80 89 23
80 90 24
80 91 8
80 92 36
80 93 39
80 94 1
80 95 10
80 96 35
80 97 30
80 98 46
80 99 41
81 0 33
81 1 33
81 2 2
81 3 26
81 4 54
81 5 14
81 6 2
81 7 33
81 8 12
81 9 32
81 10 17
81 11 7
81 12 44
81 13 49
81 14 11
81 15 33
81 16 42
81 17 38
81 18 30
81 19 9
81 20 6
81 21 54
81 22 4
81 23 43
81 24 38
81 25 47
81 26 40
81 27 5
81 28 22
81 29 32
81 30 46
81 31 1
81 32 52
81 33 35
81 34 14
81 35 38
81 36 50
81 37 17
81 38 3
81 39 49
81 40 49
81 41 21
81 42 1
81 43 25
81 44 15
81 45 54
81 46 45
81 47 45
81 48 37
81 49 20
81 50 41
81 51 44
81 52 19
81 53 33
81 54 19
81 55 2
81 56 25
81 57 46
81 58 49
81 59 48
81 60 10
81 61 40
81 62 36
81 63 7
81 64 21
81 65 50
81 66 33
81 67 3
81 68 54
81 69 36
81 70 52
81 71 35
81 72 2
81 73 53
81 74 48
81 75 5
81 76 53
81 77 38
81 78 37
81 79 22
81 80 46
81 81 23
81 82 11
81 83 52
81 84 1
81 85 17
81 86 0
81 87 14
81 88 9
81 89 36
81 90 7
81 91 19
81 92 22
81 93 30
81 94 14
81 95 30
81 96 12
81 97 47
81 98 33
81 99 12
82 0 15
82 1 30
82 2 34
82 3 5
82 4 15
82 5 27
82 6 52
82 7 0
82 8 53
82 9 34
82 10 23
82 11 44
82 12 44
82 13 21
82 14 41
82 15 33
82 16 39
82 17 28
82 18 47
82 19 35
82 20 10
82 21 41
82 22 41
82 23 19
82 24 16
82 25 0
82 26 49
82 27 15
82 28 34
82 29 14
82 30 27
82 31 50
82 32 44
82 33 49
82 34 42
82 35 46
82 36 21
82 37 39
82 38 47
82 39 19
82 40 18
82 41 2
82 42 50
82 43 49
82 44 10
82 45 37
82 46 27
82 47 49
82 48 52
82 49 6
82 50 16
82 51 7
82 52 47
82 53 3
82 54 26
82 55 50
82 56 45
82 57 7
82 58 11
82 59 25
82 60 21
82 61 25
82 62 7
82 63 52
82 64 19
82 65 49
82 66 44
82 67 41
82 68 20
82 69 23
82 70 47
82 71 38
82 72 12
82 73 43
82 74 19
82 75 22
82 76 12
82 77 47
82 78 4
82 79 9
82 80 53
82 81 20
82 82 4
82 83 46
82 84 10
82 85 17
82 86 28
82 87 1
82 88 25
82 89 39
82 90 13
82 91 33
82 92 10
82 93 20
82 94 31
82 95 16
82 96 1
82 97 7
82 98 44
82 99 21
83 0 17
83 1 37
83 2 46
83 3 29
83 4 12
83 5 10
83 6 51
83 7 24
83 8 44
83 9 42
83 10 20
83 11 43
83 12 50
83 13 24
83 14 21
83 15 5
83 16 42
83 17 36
83 18 48
83 19 54
83 20 21
83 21 6
83 22 32
83 23 18
83 24 13
83 25 8
83 26 34
83 27 1
83 28 2
83 29 24
83 30 9
83 31 19
83 32 48
83 33 42
83 34 48
83 35 5
83 36 53
83 37 32
83 38 16
83 39 29
83 40 6
83 41 36
83 42 17
83 43 1
83 44 6
83 45 25
83 46 49
83 47 35
83 48 7
83 49 42
83 50 34
83 51 15
83 52 36
83 53 11
83 54 20
83 55 36
83 56 7
83 57 54
83 58 25
83 59 51
83 60 10
83 61 34
83 62 16
83 63 45
83 64 22
83 65 51
83 66 50
83 67 7
83 68 15
83 69 53
83 70 36
83 71 22
83 72 35
83 73 41
83 74 23
83 75 28
83 76 53
83 77 4
83 78 8
83 79 47
83 80 34
83 81 42
83 82 49
83 83 15
83 84 40
83 85 14
83 86 38
83 87 34
83 88 1
83 89 8
83 90 31
83 91 11
83 92 30
83 93 47
83 94 2
83 95 39
83 96 30
83 97 39
83 98 46
83 99 46
84 0 38
84 1 14
84 2 13
84 3 18
84 4 0
84 5 23
84 6 33
84 7 41
84 8 28
84 9 41
84 10 33
84 11 49
84 12 15
84 13 28
84 14 9
84 15 42
84 16 42
84 17 34
84 18 22
84 19 30
84 20 30
84 21 40
84 22 42
84 23 47
84 24 19
84 25 31
84 26 31
84 27 49
84 28 15
84 29 9
84 30 27
84 31 40
84 32 23
84 33 40
84 34 45
84 35 11
84 36 51
84 37 23
84 38 52
84 39 11
84 40 9
84 41 17
84 42 5
84 43 11
84 44 32
84 45 1
84 46 54
84 47 7
84 48 22
84 49 8
84 50 37
84 51 52
84 52 48
84 53 24
84 54 44
84 55 12
84 56 42
84 57 20
84 58 48
84 59 3
84 60 16
84 61 21
84 62 30
84 63 40
84 64 48
84 65 21
84 66 51
84 67 44
84 68 44
84 69 35
84 70 42
84 71 41
84 72 39
84 73 47
84 74 52
84 75 17
84 76 35
84 77 38
84 78 24
84 79 3
84 80 46
84 81 6
84 82 0
84 83 39
84 84 18
84 85 32
84 86 38
84 87 5
84 88 39
84 89 19
84 90 50
84 91 1
84 92 40
84 93 26
84 94 41
84 95 33
84 96 47
84 97 24
84 98 10
84 99 23
85 0 46
85 1 52
85 2 9
85 3 30
85 4 32
85 5 7
85 6 47
85 7 12
85 8 45
85 9 3
85 10 15
85 11 37
85 12 52
85 13 3
85 14 8
85 15 15
85 16 35
85 17 34
85 18 7
85 19 19
85 20 53
85 21 45
85 22 7
85 23 25
85 24 3
85 25 35
85 26 45
85 27 50
85 28 46
85 29 0
85 30 5
85 31 37
85 32 40
85 33 15
85 34 0
85 35 17
85 36 22
85 37 47
85 38 16
85 39 54
85 40 38
85 41 19
85 42 23
85 43 35
85 44 22
85 45 19
85 46 50
85 47 44
85 48 53
85 49 44
85 50 50
85 51 38
85 52 34
85 53 3
85 54 8
85 55 37
85 56 38
85 57 53
85 58 19
85 59 30
85 60 41
85 61 25
85 62 12
85 63 26
85 64 40
85 65 54
85 66 30
85 67 49
85 68 34
85 69 33
85 70 48
85 71 17
85 72 52
85 73 4
85 74 52
85 75 6
85 76 23
85 77 34
85 78 50
85 79 21
85 80 10
85 81 46
85 82 46
85 83 45
85 84 49
85 85 54
85 86 14
85 87 19
85 88 39
85 89 34
85 90 49
85 91 25
85 92 46
85 93 49
85 94 38
85 95 18
85 96 48
85 97 0
85 98 12
85 99 27
86 0 34
86 1 47
86 2 31
86 3 18
86 4 51
86 5 28
86 6 25
86 7 19
86 8 49
86 9 20
86 10 27
86 11 5
86 12 53
86 13 18
86 14 50
86 15 47
86 16 17
86 17 51
86 18 12
86 19 44
86 20 30
86 21 48
86 22 14
86 23 8
86 24 42
86 25 40
86 26 26
86 27 23
86 28 40
86 29 25
86 30 37
86 31 6
86 32 18
86 33 14
86 34 25
86 35 1
86 36 29
86 37 50
86 38 21
86 39 24
86 40 2
86 41 35
86 42 29
86 43 1
86 44 54
86 45 11
86 46 35
86 47 3
86 48 7
86 49 34
86 50 47
86 51 25
86 52 28
86 53 49
86 54 33
86 55 2
86 56 21
86 57 47
86 58 12
86 59 48
86 60 17
86 61 50
86 62 0
86 63 22
86 64 9
86 65 25
86 66 24
86 67 38
86 68 7
86 69 32
86 70 49
86 71 9
86 72 12
86 73 23
86 74 52
86 75 53
86 76 21
86 77 33
86 78 2
86 79 16
86 80 12
86 81 36
86 82 41
86 83 40
86 84 17
86 85 6
86 86 30
86 87 25
86 88 53
86 89 42
86 90 19
86 91 3
86 92 37
86 93 19
86 94 25
86 95 33
86 96 31
86 97 49
86 98 17
86 99 38
87 0 26
87 1 11
87 2 34
87 3 26
87 4 22
87 5 32
87 6 24
87 7 43
87 8 10
87 9 13
87 10 46
87 11 22
87 12 37
87 13 32
87 14 50
87 15 41
87 16 26
87 17 25
87 18 12
87 19 11
87 20 12
87 21 31
87 22 14
87 23 50
87 24 37
87 25 40
87 26 15
87 27 13
87 28 21
87 29 32
87 30 51
87 31 35
87 32 31
87 33 30
87 34 6
87 35 40
87 36 49
87 37 30
87 38 15
87 39 4
87 40 31
87 41 7
87 42 14
87 43 13
87 44 26
87 45 9
87 46 54
87 47 52
87 48 34
87 49 11
87 50 51
87 51 33
87 52 29
87 53 10
87 54 15
87 55 11
87 56 37
87 57 31
87 58 24
87 59 46
87 60 50
87 61 7
87 62 26
87 63 26
87 64 25
87 65 32
87 66 53
87 67 19
87 68 49
87 69 14
87 70 11
87 71 12
87 72 21
87 73 25
87 74 25
87 75 47
87 76 34
87 77 12
87 78 32
87 79 0
87 80 23
87 81 28
87 82 20
87 83 40
87 84 25
87 85 36
87 86 51
87 87 50
87 88 54
87 89 8
87 90 41
87 91 49
87 92 15
87 93 12
87 94 8
87 95 27
87 96 31
87 97 6
87 98 34
87 99 12
88 0 7
88 1 45
88 2 25
88 3 28
88 4 15
88 5 37
88 6 8
88 7 36
88 8 49
88 9 40
88 10 23
88 11 5
88 12 0
88 13 43
88 14 45
88 15 25
88 16 11
88 17 28
88 18 7
88 19 52
88 20 36
88 21 48
88 22 34
88 23 39
88 24 47
88 25 42
88 26 11
88 27 10
88 28 35
88 29 45
88 30 23
88 31 43
88 32 35
88 33 35
88 34 16
88 35 37
88 36 4
88 37 11
88 38 18
88 39 54
88 40 38
88 41 28
88 42 46
88 43 38
88 44 4
88 45 23
88 46 51
88 47 2
88 48 51
88 49 3
88 50 0
88 51 33
88 52 52
88 53 34
88 54 17
88 55 31
88 56 8
88 57 28
88 58 42
88 59 43
88 60 6
88 61 52
88 62 18
88 63 41
88 64 19
88 65 22
88 66 11
88 67 23
88 68 33
88 69 29
88 70 9
88 71 17
88 72 45
88 73 42
88 74 0
88 75 49
88 76 10
88 77 38
88 78 38
88 79 7
88 80 42
88 81 25
88 82 40
88 83 26
88 84 4
88 85 44
88 86 2
88 87 54
88 88 17
88 89 31
88 90 43
88 91 10
88 92 15
88 93 6
88 94 52
88 95 34
88 96 15
88 97 8
88 98 45
88 99 49
89 0 24
89 1 54
89 2 11
89 3 1
89 4 29
89 5 53
89 6 37
89 7 39
89 8 24
89 9 21
89 10 46
89 11 11
89 12 46
89 13 18
89 14 24
89 15 38
89 16 7
89 17 13
89 18 37
89 19 12
89 20 45
89 21 12
89 22 22
89 23 5
89 24 6
89 25 19
89 26 27
89 27 21
89 28 14
89 29 17
89 30 15
89 31 26
89 32 3
89 33 13
89 34 27
89 35 32
89 36 54
89 37 10
89 38 17
89 39 23
89 40 31
89 41 50
89 42 21
89 43 9
89 44 14
89 45 32
89 46 47
89 47 21
89 48 45
89 49 30
89 50 33
89 51 22
89 52 29
89 53 1
89 54 15
89 55 35
89 56 7
89 57 42
89 58 2
89 59 9
89 60 4
89 61 4
89 62 35
89 63 49
89 64 18
89 65 7
89 66 14
89 67 4
89 68 17
89 69 31
89 70 14
89 71 35
89 72 13
89 73 35
89 74 45
89 75 27
89 76 12
89 77 24
89 78 36
89 79 44
89 80 41
89 81 14
89 82 12
89 83 16
89 84 2
89 85 27
89 86 51
89 87 10
89 88 14
89 89 40
89 90 6
89 91 5
89 92 45
89 93 41
89 94 41
89 95 50
89 96 48
89 97 0
89 98 54
89 99 53
90 0 18
90 1 13
90 2 20
90 3 32
90 4 35
90 5 52
90 6 4
90 7 34
90 8 9
90 9 27
90 10 23
90 11 50
90 12 42
90 13 35
90 14 11
90 15 31
90 16 7
90 17 50
90 18 28
90 19 8
90 20 35
90 21 34
90 22 0
90 23 12
90 24 20
90 25 42
90 26 49
90 27 1
90 28 42
90 29 48
90 30 41
90 31 6
90 32 48
90 33 6
90 34 38
90 35 15
90 36 46
90 37 29
90 38 49
90 39 0
90 40 2
90 41 5
90 42 50
90 43 31
90 44 40
90 45 49
90 46 7
90 47 35
90 48 31
90 49 23
90 50 30
90 51 53
90 52 2
90 53 31
90 54 11
90 55 23
90 56 18
90 57 5
90 58 11
90 59 5
90 60 41
90 61 52
90 62 53
90 63 21
90 64 45
90 65 23
90 66 24
90 67 36
90 68 53
90 69 5
90 70 23
90 71 42
90 72 10
90 73 6
90 74 18
90 75 38
90 76 0
90 77 12
90 78 5
90 79 31
90 80 35
90 81 35
90 82 29
90 83 25
90 84 53
90 85 27
90 86 35
90 87 3
90 88 20
90 89 46
90 90 51
90 91 48
90 92 30
90 93 49
90 94 14
90 95 20
90 96 18
90 97 38
90 98 44
90 99 3
91 0 31
91 1 54
91 2 45
91 3 41
91 4 5
91 5 50
91 6 24
91 7 5
91 8 49
91 9 16
91 10 23
91 11 30
91 12 52
91 13 40
91 14 42
91 15 37
91 16 12
91 17 22
91 18 41
91 19 32
91 20 13
91 21 37
91 22 25
91 23 43
91 24 31
91 25 27
91 26 50
91 27 36
91 28 52
91 29 26
91 30 39
91 31 28
91 32 26
91 33 16
91 34 2
91 35 31
91 36 11
91 37 13
91 38 24
91 39 6
91 40 30
91 41 47
91 42 23
91 43 14
91 44 19
91 45 10
91 46 51
91 47 32
91 48 19
91 49 37
91 50 51
91 51 32
91 52 19
91 53 9
91 54 7
91 55 38
91 56 23
91 57 2
91 58 19
91 59 7
91 60 29
91 61 4
91 62 23
91 63 42
91 64 20
91 65 25
91 66 18
91 67 19
91 68 38
91 69 29
91 70 12
91 71 13
91 72 9
91 73 22
91 74 27
91 75 28
91 76 19
91 77 11
91 78 47
91 79 38
91 80 48
91 81 44
91 82 15
91 83 0
91 84 40
91 85 9
91 86 38
91 87 50
91 88 11
91 89 44
91 90 2
91 91 27
91 92 35
91 93 25
91 94 14
91 95 1
91 96 37
91 97 20
91 98 7
91 99 21
92 0 49
92 1 19
92 2 21
92 3 3
92 4 28
92 5 36
92 6 19
92 7 47
92 8 47
92 9 11
92 10 30
92 11 27
92 12 42
92 13 32
92 14 27
92 15 27
92 16 41
92 17 52
92 18 9
92 19 39
92 20 42
92 21 54
92 22 54
92 23 9
92 24 24
92 25 13
92 26 10
92 27 7
92 28 20
92 29 4
92 30 15
92 31 2
92 32 10
92 33 36
92 34 47
92 35 38
92 36 17
92 37 11
92 38 30
92 39 51
92 40 23
92 41 47
92 42 24
92 43 10
92 44 24
92 45 38
92 46 25
92 47 52
92 48 23
92 49 34
92 50 37
92 51 10
92 52 20
92 53 36
92 54 6
92 55 45
92 56 36
92 57 17
92 58 39
92 59 44
92 60 8
92 61 54
92 62 46
92 63 19
92 64 22
92 65 25
92 66 2
92 67 40
92 68 37
92 69 20
92 70 23
92 71 5
92 72 12
92 73 47
92 74 2
92 75 24
92 76 31
92 77 27
92 78 8
92 79 54
92 80 49
92 81 32
92 82 51
92 83 14
92 84 13
92 85 2
92 86 46
92 87 37
92 88 6
92 89 17
92 90 13
92 91 15
92 92 16
92 93 46
92 94 21
92 95 26
92 96 16
92 97 23
92 98 53
92 99 53
93 0 43
93 1 21
93 2 45
93 3 1
93 4 14
93 5 35
93 6 12
93 7 32
93 8 49
93 9 20
93 10 18
93 11 43
93 12 53
93 13 1
93 14 45
93 15 53
93 16 45
93 17 23
93 18 22
93 19 52
93 20 41
93 21 35
93 22 54
93 23 44
93 24 26
93 25 20
93 26 2
93 27 30
93 28 30
93 29 0
93 30 15
93 31 19
93 32 22
93 33 6
93 34 7
93 35 36
93 36 41
93 37 6
93 38 0
93 39 35
93 40 26
93 41 18
93 42 11
93 43 11
93 44 6
93 45 43
93 46 10
93 47 51
93 48 53
93 49 19
93 50 35
93 51 26
93 52 0
93 53 34
93 54 3
93 55 13
93 56 41
93 57 5
93 58 30
93 59 4
93 60 6
93 61 46
93 62 23
93 63 28
93 64 39
93 65 17
93 66 51
93 67 12
93 68 10
93 69 38
93 70 34
93 71 36
93 72 43
93 73 45
93 74 35
93 75 49
93 76 20
93 77 45
93 78 45
93 79 6
93 80 9
93 81 26
93 82 32
93 83 51
93 84 47
93 85 35
93 86 52
93 87 21
93 88 28
93 89 27
93 90 25
93 91 34
93 92 5
93 93 35
93 94 49
93 95 44
93 96 52
93 97 45
93 98 1
93 99 7
94 0 28
94 1 36
94 2 30
94 3 3
94 4 13
94 5 10
94 6 52
94 7 21
94 8 42
94 9 42
94 10 27
94 11 39
94 12 0
94 13 46
94 14 35
94 15 35
94 16 27
94 17 19
94 18 1
94 19 0
94 20 34
94 21 26
94 22 21
94 23 39
94 24 6
94 25 15
94 26 29
94 27 45
94 28 47
94 29 17
94 30 39
94 31 7
94 32 53
94 33 14
94 34 10
94 35 54
94 36 12
94 37 7
94 38 20
94 39 54
94 40 36
94 41 47
94 42 38
94 43 37
94 44 25
94 45 6
94 46 17
94 47 39
94 48 12
94 49 5
94 50 26
94 51 46
94 52 31
94 53 47
94 54 31
94 55 24
94 56 7
94 57 47
94 58 14
94 59 54
94 60 9
94 61 53
94 62 6
94 63 8
94 64 54
94 65 3
94 66 49
94 67 11
94 68 10
94 69 14
94 70 53
94 71 47
94 72 48
94 73 36
94 74 16
94 75 18
94 76 29
94 77 20
94 78 3
94 79 42
94 80 25
94 81 29
94 82 33
94 83 1
94 84 9
94 85 51
94 86 25
94 87 3
94 88 43
94 89 26
94 90 3
94 91 53
94 92 24
94 93 51
94 94 48
94 95 23
94 96 0
94 97 42
94 98 22
94 99 52
95 0 43
95 1 20
95 2 44
95 3 36
95 4 43
95 5 47
95 6 41
95 7 18
95 8 12
95 9 31
95 10 47
95 11 37
95 12 6
95 13 25
95 14 25
95 15 2
95 16 9
95 17 37
95 18 5
95 19 52
95 20 8
95 21 50
95 22 37
95 23 19
95 24 47
95 25 17
95 26 30
95 27 34
95 28 4
95 29 52
95 30 18
95 31 34
95 32 4
95 33 50
95 34 15
95 35 47
95 36 42
95 37 44
95 38 52
95 39 42
95 40 20
95 41 44
95 42 11
95 43 13
95 44 2
95 45 37
95 46 15
95 47 11
95 48 6
95 49 21
95 50 50
95 51 2
95 52 16
95 53 33
95 54 8
95 55 50
95 56 50
95 57 38
95 58 16
95 59 42
95 60 22
95 61 35
95 62 21
95 63 26
95 64 30
95 65 24
95 66 6
95 67 17
95 68 13
95 69 3
95 70 46
95 71 33
95 72 35
95 73 3
95 74 47
95 75 37
95 76 27
95 77 7
95 78 48
95 79 20
95 80 28
95 81 43
95 82 22
95 83 32
95 84 8
95 85 31
95 86 27
95 87 4
95 88 1
95 89 44
95 90 33
95 91 24
95 92 24
95 93 54
95 94 37
95 95 41
95 96 23
95 97 43
95 98 45
95 99 36
96 0 34
96 1 37
96 2 2
96 3 14
96 4 40
96 5 49
96 6 51
96 7 12
96 8 43
96 9 31
96 10 32
96 11 4
96 12 6
96 13 42
96 14 36
96 15 15
96 16 5
96 17 50
96 18 6
96 19 6
96 20 39
96 21 39
96 22 30
96 23 50
96 24 38
96 25 0
96 26 36
96 27 49
96 28 43
96 29 27
96 30 17
96 31 22
96 32 51
96 33 19
96 34 23
96 35 36
96 36 0
96 37 19
96 38 35
96 39 31
96 40 37
96 41 54
96 42 35
96 43 44
96 44 28
96 45 3
96 46 4
96 47 33
96 48 53
96 49 52
96 50 40
96 51 25
96 52 36
96 53 2
96 54 7
96 55 6
96 56 2
96 57 31
96 58 42
96 59 46
96 60 45
96 61 5
96 62 0
96 63 41
96 64 24
96 65 24
96 66 22
96 67 12
96 68 30
96 69 44
96 70 43
96 71 13
96 72 30
96 73 23
96 74 2
96 75 4
96 76 13
96 77 48
96 78 37
96 79 53
96 80 45
96 81 22
96 82 10
96 83 13
96 84 25
96 85 18
96 86 6
96 87 27
96 88 49
96 89 49
96 90 5
96 91 26
96 92 54
96 93 48
96 94 12
96 95 10
96 96 17
96 97 21
96 98 22
96 99 34
97 0 10
97 1 52
97 2 47
97 3 40
97 4 7
97 5 49
97 6 44
97 7 20
97 8 29
97 9 14
97 10 6
97 11 6
97 12 36
97 13 16
97 14 19
97 15 48
97 16 34
97 17 26
97 18 8
97 19 15
97 20 7
97 21 0
97 22 41
97 23 6
97 24 48
97 25 40
97 26 3
97 27 52
97 28 6
97 29 13
97 30 32
97 31 3
97 32 10
97 33 24
97 34 44
97 35 18
97 36 6
97 37 20
97 38 25
97 39 35
97 40 21
97 41 31
97 42 42
97 43 45
97 44 48
97 45 48
97 46 38
97 47 14
97 48 6
97 49 33
97 50 17
97 51 13
97 52 34
97 53 45
97 54 6
97 55 27
97 56 31
97 57 10
97 58 25
97 59 24
97 60 23
97 61 2
97 62 28
97 63 20
97 64 13
97 65 4
97 66 25
97 67 19
97 68 11
97 69 51
97 70 42
97 71 33
97 72 14
97 73 16
97 74 23
97 75 49
97 76 9
97 77 48
97 78 9
97 79 16
97 80 27
97 81 13
97 82 16
97 83 48
97 84 3
97 85 23
97 86 7
97 87 21
97 88 20
97 89 32
97 90 46
97 91 30
97 92 21
97 93 19
97 94 50
97 95 22
97 96 10
97 97 21
97 98 41
97 99 21
98 0 4
98 1 28
98 2 54
98 3 5
98 4 44
98 5 9
98 6 0
98 7 41
98 8 45
98 9 51
98 10 44
98 11 17
98 12 9
98 13 5
98 14 52
98 15 54
98 16 15
98 17 4
98 18 21
98 19 35
98 20 24
98 21 12
98 22 10
98 23 32
98 24 18
98 25 48
98 26 54
98 27 28
98 28 1
98 29 41
98 30 36
98 31 47
98 32 1
98 33 23
98 34 52
98 35 33
98 36 32
98 37 39
98 38 19
98 39 22
98 40 35
98 41 50
98 42 26
98 43 31
98 44 0
98 45 23
98 46 18
98 47 16
98 48 15
98 49 39
98 50 38
98 51 39
98 52 38
98 53 36
98 54 3
98 55 43
98 56 29
98 57 3
98 58 3
98 59 30
98 60 31
98 61 39
98 62 9
98 63 32
98 64 7
98 65 6
98 66 52
98 67 40
98 68 46
98 69 3
98 70 49
98 71 13
98 72 53
98 73 8
98 74 32
98 75 54
98 76 31
98 77 50
98 78 2
98 79 33
98 80 21
98 81 27
98 82 4
98 83 4
98 84 8
98 85 8
98 86 34
98 87 24
98 88 11
98 89 37
98 90 41
98 91 42
98 92 21
98 93 50
98 94 6
98 95 29
98 96 2
98 97 46
98 98 1
98 99 35
99 0 49
99 1 37
99 2 35
99 3 48
99 4 45
99 5 54
99 6 47
99 7 9
99 8 49
99 9 36
99 10 42
99 11 2
99 12 8
99 13 47
99 14 6
99 15 4
99 16 0
99 17 27
99 18 28
99 19 53
99 20 9
99 21 15
99 22 27
99 23 31
99 24 52
99 25 20
99 26 47
99 27 54
99 28 11
99 29 48
99 30 21
99 31 6
99 32 30
99 33 44
99 34 54
99 35 8
99 36 43
99 37 33
99 38 17
99 39 38
99 40 1
99 41 4
99 42 27
99 43 51
99 44 38
99 45 34
99 46 0
99 47 25
99 48 48
99 49 16
99 50 23
99 51 3
99 52 18
99 53 37
99 54 34
99 55 15
99 56 3
99 57 26
99 58 2
99 59 1
99 60 6
99 61 10
99 62 7
99 63 23
99 64 54
99 65 48
99 66 31
99 67 43
99 68 13
99 69 48
99 70 13
99 71 14
99 72 40
99 73 40
99 74 11
99 75 23
99 76 6
99 77 53
99 78 49
99 79 0
99 80 14
99 81 4
99 82 3
99 83 32
99 84 42
99 85 24
99 86 35
99 87 32
99 88 37
99 89 37
99 90 33
99 91 30
99 92 47
99 93 28
99 94 53
99 95 47
99 96 21
99 97 17
99 98 22
99 99 35
